부산광역시  (2600000000),1637111,1637111,7224,7791,8735,9694,11011,12175,13670,13533,13219,14597,14113,14031,12985,13285,14196,12881,12584,13469,14702,14729,16491,19759,20274,20847,21608,22750,22908,22917,22769,22984,22174,20071,20498,19280,18595,19033,19475,19879,22627,25031,26562,26656,26750,23450,23658,22679,23872,25663,26799,27410,27976,28330,27635,28314,26281,25989,25857,25670,24678,28591,29765,31265,28909,27275,27370,25816,25386,24243,19576,20582,17528,16214,16120,16047,14855,13283,9500,10926,9743,11593,9069,7503,6856,5648,4598,3861,3039,2420,1852,1359,1018,680,575,421,254,175,102,81,63,53,74,1710285,1710285,6911,7235,8328,9363,10254,11868,12891,12655,12627,13807,13508,13405,12021,12584,13507,12102,11758,12737,13604,13786,15910,18862,19109,19422,20859,20658,20853,21040,20720,21299,20535,18614,18626,18287,18115,17928,18530,19108,22048,24178,26049,25947,25835,22616,23006,22035,23625,25523,27285,27034,28291,29095,28815,29886,28468,26701,27804,27632,25877,30587,33188,35105,32686,30147,29737,28507,29935,26014,22292,23800,20118,18528,19281,19151,18214,15721,11539,13817,12839,15209,13040,11226,10678,9366,8103,7331,6432,5628,4354,3784,3043,2226,1983,1619,1311,780,568,368,298,216,340
부산광역시 중구 (2611000000),19756,19756,44,35,34,55,63,69,64,71,73,72,88,84,82,88,77,84,101,84,125,121,159,217,214,245,291,311,353,338,351,354,341,297,258,240,205,196,208,200,194,256,260,278,257,239,234,219,303,305,328,379,342,317,392,357,329,318,336,295,355,371,386,403,397,403,401,378,391,389,314,315,251,259,234,234,238,217,166,175,184,201,148,129,125,104,61,68,48,35,31,30,22,19,11,12,7,3,2,2,3,3,1,20826,20826,30,36,30,39,47,55,57,66,77,79,75,89,79,62,119,79,76,103,113,130,195,214,297,302,353,376,351,327,341,327,277,229,232,201,191,160,212,176,195,200,209,222,211,191,219,192,218,268,286,274,299,352,320,337,318,309,340,309,307,387,432,430,439,441,430,425,467,391,335,377,317,308,334,329,309,271,204,255,210,289,244,183,185,186,145,131,108,84,82,65,45,42,37,40,33,16,14,5,10,7,6
부산광역시 중구 중앙동(2611051000),1458,1458,2,2,3,0,4,3,1,2,1,0,4,1,1,2,2,2,5,2,7,10,12,9,15,23,34,41,52,53,59,50,64,55,41,27,30,25,20,24,17,27,24,20,20,17,16,15,17,17,23,26,21,20,26,22,13,21,19,15,22,19,20,25,18,23,25,15,21,17,18,19,13,14,12,8,12,8,7,10,2,5,13,2,6,3,2,5,2,3,1,2,2,0,0,0,0,0,0,0,0,0,0,1627,1627,2,2,1,2,0,4,0,2,1,2,1,2,2,4,3,3,0,2,3,4,15,29,44,51,77,83,79,71,72,53,70,53,46,43,32,21,32,22,19,16,15,15,23,15,11,14,14,12,19,15,14,21,16,19,20,17,14,11,15,19,22,17,17,21,16,25,18,16,10,19,10,10,19,8,6,7,11,6,9,7,4,5,7,11,4,5,2,4,4,4,3,1,2,5,1,0,1,1,0,2,0
부산광역시 중구 동광동(2611052000),1347,1347,0,2,1,5,4,3,6,4,4,2,4,4,7,2,5,3,4,3,1,7,10,15,9,14,8,10,16,23,21,28,15,12,16,5,9,16,15,11,13,18,13,18,14,19,8,16,24,17,20,24,31,19,21,27,27,17,21,19,35,33,37,42,27,24,29,22,28,22,23,28,26,21,27,18,26,20,14,17,20,17,15,16,6,9,5,9,4,3,4,2,2,2,1,1,0,0,1,0,0,0,1,1291,1291,1,3,0,1,5,3,5,1,7,9,3,5,7,1,7,4,4,3,7,7,10,12,14,6,17,10,17,8,19,20,12,7,15,5,5,6,11,13,12,10,6,13,14,10,13,10,13,12,17,19,15,25,18,21,28,18,28,27,17,25,31,23,24,29,31,24,37,24,25,26,27,30,24,25,18,13,18,24,17,23,18,19,22,11,7,11,8,8,5,3,4,5,4,6,1,1,2,0,1,1,0
부산광역시 중구 대청동(2611053000),2904,2904,4,3,4,10,6,16,13,10,13,10,17,15,13,12,12,13,22,11,27,17,31,30,23,44,51,43,56,50,59,53,48,32,30,38,37,32,30,23,26,36,32,40,41,33,32,48,52,45,53,55,51,42,50,47,42,55,46,43,56,54,53,65,66,67,67,50,51,53,43,48,23,33,28,37,22,26,27,22,33,39,16,18,17,18,8,8,6,5,5,1,4,2,2,1,1,0,0,1,0,1,0,3325,3325,2,4,7,6,6,12,8,12,13,15,11,14,8,13,24,18,14,26,30,31,28,33,39,50,70,59,48,51,47,60,34,30,34,34,34,15,30,26,22,35,42,30,34,31,42,38,36,57,46,42,56,54,64,54,44,37,57,51,52,55,86,66,69,70,70,62,60,55,49,55,49,39,55,61,50,49,32,42,30,47,36,15,27,25,23,21,20,9,14,7,8,10,6,11,9,6,3,0,1,2,1
부산광역시 중구 보수동(2611054500),5086,5086,20,5,5,12,18,17,17,24,28,20,24,20,22,29,22,20,26,29,40,36,43,75,83,67,73,80,76,76,80,76,78,73,73,56,51,49,49,43,44,63,70,71,74,60,75,54,65,89,84,111,81,93,94,100,85,74,82,86,93,93,99,103,103,107,100,93,104,92,71,81,61,58,63,54,65,58,35,38,39,50,36,30,41,25,21,12,16,12,11,10,2,8,2,4,2,3,0,0,1,0,0,5437,5437,10,15,9,12,11,21,19,21,17,21,18,17,19,16,39,17,28,32,33,43,74,70,97,85,78,82,76,64,78,64,73,64,50,45,56,47,53,42,56,52,47,70,54,54,52,55,68,63,69,82,85,99,74,87,75,90,102,87,80,103,104,109,109,118,117,120,133,104,81,96,75,79,89,71,82,74,42,61,48,83,77,52,44,44,41,27,26,23,17,15,11,11,7,8,6,0,4,2,5,0,2
부산광역시 중구 부평동(2611056000),2144,2144,2,5,5,5,6,2,6,5,6,8,11,13,7,13,7,8,6,12,13,14,14,16,23,19,31,34,36,27,27,35,29,29,25,30,16,25,26,26,19,25,32,30,25,30,22,22,29,31,36,40,37,41,46,39,41,34,31,27,35,40,39,40,53,42,53,50,48,57,39,28,37,40,23,30,27,27,28,19,23,19,17,17,9,12,4,11,4,2,3,3,2,0,1,0,2,0,0,0,0,1,0,2382,2382,3,2,3,2,4,2,5,7,6,6,6,11,11,4,11,6,9,7,12,7,17,17,20,37,31,41,32,25,43,27,27,18,20,15,14,21,24,19,22,20,32,27,21,24,25,17,22,30,30,31,29,35,33,47,34,42,42,26,33,60,54,64,60,64,58,56,58,54,52,51,37,43,41,34,45,32,16,28,39,30,30,27,23,23,16,15,16,6,11,12,8,4,6,1,8,3,0,0,1,1,1
부산광역시 중구 광복동(2611057000),495,495,1,1,1,3,1,2,1,1,1,2,2,2,2,1,1,2,1,1,1,3,1,5,3,6,12,3,4,5,8,5,6,2,4,5,5,3,6,4,2,9,5,7,3,9,7,4,5,7,3,4,8,11,18,9,8,5,12,10,5,8,11,9,18,17,8,9,13,16,18,8,9,9,4,5,7,8,2,4,8,4,8,5,1,2,3,2,2,0,1,1,2,2,1,1,0,0,0,0,0,1,0,477,477,0,0,2,0,0,1,2,0,3,0,1,1,3,1,1,3,2,4,2,2,1,1,4,4,4,5,5,8,1,6,8,2,1,6,2,2,8,3,3,7,5,5,8,4,3,2,4,6,5,7,8,7,8,8,7,6,5,11,11,11,11,12,8,12,12,14,14,11,10,14,8,10,8,9,8,6,7,5,5,3,5,6,4,5,7,3,3,2,4,2,0,2,0,4,1,1,0,0,0,0,1
부산광역시 중구 남포동(2611058000),532,532,1,0,0,0,1,1,2,0,0,1,1,1,2,1,2,0,2,2,1,1,1,2,1,4,2,0,6,7,3,5,3,9,1,5,4,4,3,2,4,3,5,7,6,6,2,2,5,11,14,5,10,15,12,18,13,15,11,7,15,19,22,15,20,11,16,25,13,10,17,11,8,9,9,9,8,10,4,4,6,4,3,4,0,2,1,0,1,0,0,0,0,1,0,2,1,0,0,0,0,0,0,376,376,0,0,0,0,0,0,0,0,3,0,0,2,3,1,0,3,2,0,1,0,2,3,0,2,3,1,3,2,4,4,4,1,3,3,1,1,3,3,3,2,6,5,1,3,3,2,1,1,6,5,9,7,5,1,7,7,8,3,6,8,14,12,16,8,12,14,12,6,6,12,7,3,5,10,12,8,5,7,6,4,8,5,6,4,4,5,0,3,1,0,1,1,0,0,0,0,1,0,0,0,1
부산광역시 중구 영주제1동(2611059000),2394,2394,7,8,6,10,6,5,5,13,7,11,9,15,9,11,11,11,7,6,11,10,16,25,17,33,49,45,62,65,49,60,60,42,38,44,27,17,30,32,41,39,34,37,27,29,32,20,59,37,40,49,40,25,39,38,45,41,48,24,31,42,36,35,30,41,31,48,47,49,30,40,18,32,26,27,27,17,19,21,17,19,8,9,17,8,2,14,3,4,2,2,4,1,2,1,0,0,0,1,0,0,0,2294,2294,8,4,5,8,9,6,8,10,10,6,15,9,9,7,11,8,5,10,7,12,25,21,43,35,41,51,50,62,44,61,24,30,34,27,24,22,24,23,29,29,20,24,16,22,21,22,28,28,42,28,30,39,32,43,39,24,34,27,29,35,36,40,43,45,41,39,40,41,30,32,44,27,34,33,26,27,22,23,14,34,22,17,20,23,17,16,13,8,15,3,4,2,5,2,2,3,1,0,1,0,0
부산광역시 중구 영주제2동(2611060000),3396,3396,7,9,9,10,17,20,13,12,13,18,16,13,19,17,15,25,28,18,24,23,31,40,40,35,31,55,45,32,45,42,38,43,30,30,26,25,29,35,28,36,45,48,47,36,40,38,47,51,55,65,63,51,86,57,55,56,66,64,63,63,69,69,62,71,72,66,66,73,55,52,56,43,42,46,44,43,30,40,36,44,32,28,28,25,15,7,10,6,4,9,4,3,2,2,1,0,1,0,2,0,0,3617,3617,4,6,3,8,12,6,10,13,17,20,20,28,17,15,23,17,12,19,18,24,23,28,36,32,32,44,41,36,33,32,25,24,29,23,23,25,27,25,29,29,36,33,40,28,49,32,32,59,52,45,53,65,70,57,64,68,50,66,64,71,74,87,93,74,73,71,95,80,72,72,60,67,59,78,62,55,51,59,42,58,44,37,32,40,26,28,20,21,11,19,6,6,7,3,5,2,2,2,1,1,0
부산광역시 서구 (2614000000),50597,50597,176,181,195,226,247,306,346,328,356,355,379,333,344,323,377,348,315,358,420,407,456,595,646,621,646,707,665,650,637,664,576,522,570,490,462,491,499,491,553,683,690,780,742,655,631,642,681,746,844,852,873,897,900,896,875,809,850,810,825,1007,960,1130,935,938,905,906,865,880,727,750,677,618,647,595,600,557,372,451,405,453,397,342,323,231,222,199,138,121,92,67,35,26,24,13,11,5,9,8,7,0,7,54021,54021,152,158,207,220,245,283,298,291,292,338,341,352,290,344,332,329,307,387,361,423,553,648,639,736,727,698,680,638,635,629,567,482,512,451,459,426,456,483,569,637,687,711,660,588,640,610,586,762,786,765,796,847,828,829,771,802,831,832,819,893,1082,1163,1183,1009,1044,998,1086,1018,763,919,783,758,795,735,790,640,521,592,591,690,616,515,506,447,325,333,316,236,200,149,152,87,93,74,77,31,26,25,11,9,15
부산광역시 서구 동대신제1동(2614051000),2744,2744,18,13,15,25,18,24,20,13,24,23,15,20,22,15,23,14,19,19,19,18,17,30,35,34,36,40,32,27,41,49,46,39,36,23,35,48,29,23,42,45,51,48,37,35,40,33,46,34,46,38,43,46,53,50,43,43,44,40,49,44,57,47,41,44,47,37,43,44,26,45,29,30,34,29,35,22,15,18,18,17,17,18,15,10,10,14,10,9,3,5,0,2,1,0,1,1,0,2,1,0,0,2867,2867,10,9,22,11,18,21,20,17,11,15,15,15,22,22,14,13,15,13,25,22,29,27,38,30,43,31,42,35,28,32,38,24,38,24,31,30,25,35,31,43,43,33,34,27,33,35,32,49,36,37,50,57,45,46,34,56,36,36,42,54,38,59,52,51,61,53,47,54,39,52,36,35,35,40,32,29,26,32,25,31,35,24,23,31,16,19,17,18,13,7,16,3,7,3,3,0,1,4,0,0,1
부산광역시 서구 동대신제2동(2614052000),3532,3532,4,8,7,8,14,20,22,16,15,23,20,20,23,14,24,30,20,24,30,30,29,43,49,34,32,44,45,32,39,32,31,29,36,33,30,28,32,24,28,57,31,39,43,56,41,36,47,53,65,63,65,65,63,62,67,62,74,54,55,73,59,78,74,72,70,67,59,71,53,57,59,41,49,49,56,44,44,37,29,39,41,32,35,25,16,13,14,21,14,11,2,1,3,2,0,0,1,0,1,0,0,3733,3733,5,6,7,15,14,14,14,16,11,28,18,18,25,23,20,26,24,25,25,26,38,46,30,42,37,28,35,34,40,34,26,19,30,26,23,24,15,29,26,34,41,35,47,33,45,48,33,58,60,57,55,59,77,65,60,46,64,56,70,55,87,71,86,71,72,72,87,91,65,61,65,53,69,57,68,60,47,41,48,64,51,40,44,41,25,28,25,13,24,13,12,10,6,8,7,2,3,3,1,0,2
부산광역시 서구 동대신제3동(2614053000),3619,3619,8,18,10,15,17,32,32,22,29,26,22,30,25,21,20,28,20,22,36,22,41,50,54,65,55,49,62,54,55,51,52,41,47,54,42,37,43,37,43,54,53,55,55,57,36,49,41,53,69,51,69,70,64,54,60,47,40,60,47,58,55,94,65,60,46,60,55,64,38,50,45,34,33,38,36,29,26,30,31,36,33,22,28,14,14,14,8,5,6,7,2,3,3,0,0,1,0,1,3,0,1,4111,4111,21,10,13,21,26,17,17,20,26,26,25,25,22,28,26,26,27,33,32,27,52,57,71,94,89,66,67,63,51,70,49,42,29,37,34,38,31,34,47,49,55,52,60,40,54,50,37,50,67,61,52,60,50,63,64,48,47,59,58,70,62,78,87,65,79,84,74,61,56,52,68,49,59,49,49,44,42,47,40,37,31,39,37,29,25,26,25,17,12,7,11,10,4,3,9,1,3,1,0,3,1
부산광역시 서구 서대신제1동(2614054000),6440,6440,45,31,52,46,48,60,74,68,73,69,64,59,51,51,60,52,40,57,64,50,77,67,92,76,85,85,88,82,74,75,70,75,87,61,67,76,86,77,95,103,117,136,91,99,71,105,104,105,118,94,110,113,114,93,113,86,93,102,91,99,91,120,91,101,83,93,71,84,78,72,65,63,59,65,50,54,30,60,52,52,49,33,30,21,30,16,12,15,6,8,5,3,3,1,3,1,3,1,0,0,0,7217,7217,31,35,51,44,57,66,54,44,53,62,64,63,43,44,54,52,52,55,52,68,74,92,91,62,88,92,96,82,84,107,83,74,82,89,83,87,83,97,115,128,130,131,111,103,91,102,93,100,109,122,123,122,110,111,84,99,103,112,84,122,112,116,126,96,106,103,114,90,79,113,74,83,85,79,86,63,54,58,60,76,63,50,51,44,39,44,35,27,13,13,20,9,13,4,10,4,4,5,1,0,0
부산광역시 서구 서대신제3동(2614056000),3669,3669,11,18,24,19,27,25,37,38,33,35,54,38,44,36,40,38,30,37,40,38,32,36,47,28,40,42,46,49,41,43,36,31,34,34,38,32,37,45,44,51,48,58,70,47,55,60,59,57,64,72,56,81,65,54,67,50,55,53,55,68,56,86,55,59,56,56,46,64,46,58,49,30,43,25,41,28,20,26,29,27,22,13,14,14,11,18,8,5,8,3,3,2,2,3,1,0,0,0,0,0,0,4342,4342,14,16,17,23,18,32,35,43,31,36,38,42,30,52,50,45,39,52,33,44,47,65,46,61,34,48,38,48,51,34,45,44,39,39,36,32,50,34,52,57,69,57,59,75,77,59,71,60,85,75,59,73,76,74,67,64,73,68,64,66,83,95,89,75,54,69,77,54,48,56,54,54,40,46,44,34,29,36,32,42,32,27,26,36,27,23,16,15,17,8,14,8,6,4,3,3,2,1,0,1,1
부산광역시 서구 서대신제4동(2614057000),3732,3732,20,17,25,24,31,27,34,56,41,50,47,37,52,38,43,41,38,36,32,36,41,47,42,45,52,51,47,45,48,41,32,35,39,29,34,27,37,46,41,46,59,60,66,65,44,40,63,42,70,67,66,63,60,76,70,48,50,50,55,65,64,88,69,46,60,50,48,49,59,36,38,43,42,26,30,31,23,21,17,28,16,15,18,19,16,14,8,10,4,5,4,1,2,0,1,0,0,0,1,0,1,3986,3986,12,15,19,22,25,31,30,36,43,29,39,47,26,43,39,33,29,32,37,36,32,32,44,40,48,49,38,33,34,45,51,28,40,31,40,39,49,50,55,53,59,80,60,56,54,55,58,82,66,67,59,72,55,66,55,58,79,66,68,59,78,82,74,68,63,65,64,57,41,55,36,37,54,43,45,31,24,34,30,33,36,24,36,30,14,17,15,13,10,7,11,7,5,7,7,3,0,0,1,0,1
부산광역시 서구 부민동(2614059000),3568,3568,9,21,11,18,19,21,24,27,29,29,20,24,28,26,36,29,25,23,32,36,24,67,78,73,69,72,75,78,66,69,57,44,49,36,34,35,42,42,36,45,58,56,53,51,48,41,42,46,52,61,61,68,63,59,37,50,53,50,43,55,59,63,48,60,50,60,58,58,37,47,37,39,29,30,36,28,26,24,15,20,13,14,22,12,9,14,14,7,5,1,2,2,1,1,0,0,1,0,0,0,1,3974,3974,8,15,18,19,20,17,30,22,23,28,24,14,26,25,19,21,19,27,39,61,95,79,87,92,85,84,80,78,85,57,57,51,52,55,52,34,38,31,42,44,59,58,42,37,47,51,48,52,59,44,67,58,53,48,52,56,49,53,43,61,70,75,59,65,55,63,64,65,41,52,45,41,49,32,36,27,23,25,30,36,26,34,24,26,19,16,14,10,14,10,4,3,9,7,5,1,4,1,1,0,3
부산광역시 서구 아미동(2614061500),3303,3303,4,0,0,6,6,1,2,6,5,10,7,9,10,16,10,15,18,15,20,27,24,29,29,38,45,45,38,35,32,49,35,31,26,27,19,22,19,23,25,35,41,38,36,34,40,41,31,61,56,58,62,57,76,66,54,59,57,60,71,84,76,83,94,87,69,63,76,64,64,65,59,53,52,59,53,51,29,42,25,38,31,35,26,21,25,19,10,8,10,8,2,2,1,2,0,0,1,1,0,0,4,3219,3219,3,5,0,3,5,5,5,6,3,6,7,7,6,6,7,13,7,25,20,21,20,25,23,36,53,38,38,46,38,30,27,19,24,19,18,18,14,19,16,21,23,24,27,24,21,28,30,42,41,40,38,40,55,39,49,48,42,45,48,58,91,74,66,71,75,85,76,92,65,61,71,54,79,54,65,55,42,52,48,62,71,49,53,46,29,32,21,28,20,18,9,10,7,9,4,2,1,2,3,2,1
부산광역시 서구 초장동(2614063000),2140,2140,3,1,2,8,4,5,8,8,4,4,7,4,9,10,6,5,6,7,10,10,20,13,19,30,17,30,18,22,24,28,24,18,14,22,12,20,12,12,16,18,27,24,27,25,29,32,24,34,42,42,48,42,43,34,40,39,50,30,46,55,49,47,43,46,58,54,39,50,45,39,37,40,37,30,34,23,17,31,29,29,28,18,19,10,10,11,4,3,5,4,3,1,0,1,1,0,1,1,0,0,0,2084,2084,5,5,1,3,2,4,13,5,8,4,11,7,6,5,11,10,10,8,9,10,10,18,19,20,18,25,13,13,18,16,11,15,21,8,12,6,13,7,13,16,18,26,23,13,28,17,11,29,30,25,26,34,32,18,23,39,29,35,29,45,38,49,62,42,48,36,55,66,36,46,35,45,33,31,43,40,25,32,36,44,43,32,33,32,31,26,25,12,8,8,8,5,8,2,5,2,2,1,0,0,0
부산광역시 서구 충무동(2614064000),4714,4714,18,16,23,16,17,31,30,24,29,25,23,22,18,22,31,21,23,25,38,35,35,54,54,66,60,84,70,57,72,69,56,64,68,64,47,43,54,45,51,69,61,82,65,46,50,58,65,70,69,90,75,86,77,99,71,96,89,75,77,103,111,100,80,83,81,84,97,75,61,73,55,50,74,62,59,54,31,30,40,36,31,46,30,20,22,14,13,7,5,6,4,4,0,1,1,1,0,0,0,0,0,5158,5158,18,13,15,18,19,25,28,25,26,30,24,33,28,26,23,17,12,29,28,29,41,62,58,104,86,101,89,85,91,82,69,58,50,51,49,43,51,41,52,56,71,68,50,51,58,47,45,65,71,72,72,84,82,70,78,72,88,77,91,80,110,107,129,91,91,88,109,108,61,81,69,79,78,78,76,56,49,51,76,52,55,48,41,22,23,30,34,20,20,12,8,4,7,6,4,2,0,1,3,1,1
부산광역시 서구 남부민제1동(2614065000),2450,2450,6,10,5,5,7,7,7,3,6,9,9,3,8,7,7,10,8,13,9,17,14,24,16,19,28,22,18,32,18,31,21,23,27,20,28,28,23,20,24,29,22,36,33,15,23,30,26,37,47,46,44,39,41,54,43,45,48,44,53,62,59,57,53,46,60,66,54,52,48,49,43,45,44,41,37,36,25,23,23,30,30,22,24,13,18,10,9,6,7,2,1,2,2,0,1,1,0,2,0,0,0,2383,2383,6,6,8,7,2,8,1,8,10,8,4,6,5,5,12,8,8,10,4,11,16,30,20,20,20,20,23,16,18,23,16,15,20,14,14,18,17,22,25,23,19,19,23,22,17,15,19,21,28,35,33,32,30,42,40,40,31,51,36,41,58,61,50,63,71,59,58,64,49,62,45,45,39,41,36,46,35,43,35,54,54,32,27,22,12,13,18,13,14,8,12,5,5,6,3,2,1,1,0,0,0
부산광역시 서구 남부민제2동(2614066000),4474,4474,13,13,6,12,14,21,16,14,21,20,29,23,25,25,22,10,23,25,33,40,42,38,46,38,31,47,56,53,41,52,40,30,37,25,23,31,41,42,37,54,56,61,60,51,60,42,64,54,67,79,81,81,88,90,96,87,87,73,83,104,100,111,99,98,102,92,92,101,86,81,79,71,74,60,55,79,52,57,48,47,41,40,21,22,13,24,16,13,13,3,3,2,2,0,2,0,1,0,1,0,0,4491,4491,6,4,6,16,19,16,14,17,16,25,16,22,18,22,17,18,15,19,17,35,29,32,31,37,35,36,42,39,41,31,34,34,28,16,29,23,28,29,30,41,46,48,37,38,44,52,46,65,59,58,71,60,65,76,62,80,79,60,74,70,99,118,129,97,122,99,107,109,76,93,90,90,93,88,103,82,64,68,59,83,70,56,57,38,35,31,37,26,23,21,11,5,3,11,12,5,2,1,0,2,3
부산광역시 서구 암남동(2614068000),6212,6212,17,15,15,24,25,32,40,33,47,32,62,44,29,42,55,55,45,55,57,48,60,97,85,75,96,96,70,84,86,75,76,62,70,62,53,64,44,55,71,77,66,87,106,74,94,75,69,100,79,91,93,86,93,105,114,97,110,119,100,137,124,156,123,136,123,124,127,104,86,78,82,79,77,81,78,78,34,52,49,54,45,34,41,30,28,18,12,12,6,4,4,1,4,2,0,0,1,0,0,0,0,6456,6456,13,19,30,18,20,27,37,32,31,41,56,53,33,43,40,47,50,59,40,33,70,83,81,98,91,80,79,66,56,68,61,59,59,42,38,34,42,55,65,72,54,80,87,69,71,51,63,89,75,72,91,96,98,111,103,96,111,114,112,112,156,178,174,154,147,122,154,107,107,135,95,93,82,97,107,73,61,73,72,76,49,60,54,50,30,28,34,24,12,17,16,8,13,4,5,4,3,4,1,0,1
부산광역시 동구 (2617000000),43132,43132,210,175,164,201,213,225,233,220,216,242,238,226,215,221,268,230,232,251,297,304,376,408,431,480,473,526,629,575,625,642,628,563,587,530,512,506,542,496,624,569,643,617,686,538,579,520,618,640,682,755,762,772,787,801,754,690,692,699,663,781,791,864,856,787,845,792,729,707,606,639,596,546,510,555,490,447,316,382,368,431,333,280,247,202,195,149,131,83,78,47,38,22,25,19,11,8,10,3,2,7,3,45113,45113,172,138,175,159,167,212,214,196,232,194,242,207,208,219,248,236,198,239,268,273,372,404,443,439,546,619,571,612,580,615,619,529,521,466,471,425,466,465,470,525,551,537,521,489,482,460,497,582,643,594,702,716,698,717,698,671,669,634,660,808,853,984,911,837,853,874,950,805,686,796,696,610,688,717,682,535,458,588,497,633,522,505,418,398,318,300,271,227,173,144,138,85,57,66,58,33,16,14,9,8,16
부산광역시 동구 초량제1동(2617051000),2533,2533,7,2,4,2,6,7,9,12,7,12,7,14,21,9,12,19,18,11,19,24,19,23,23,41,27,39,47,49,51,45,42,41,34,34,27,24,25,25,26,28,43,44,46,36,29,33,38,46,47,49,48,65,38,60,38,35,44,44,39,46,47,46,29,53,49,44,41,37,38,29,30,31,31,32,19,26,25,16,28,28,24,17,13,7,7,12,4,2,0,5,1,0,0,0,0,1,0,1,0,0,0,2486,2486,5,1,3,7,5,10,9,19,8,15,10,14,17,17,11,14,3,10,18,11,18,18,28,34,41,58,37,47,42,32,37,30,30,22,26,22,18,28,14,30,32,31,28,34,28,29,33,30,28,36,42,34,38,47,40,34,39,21,31,38,46,64,63,42,47,43,52,40,41,52,31,27,36,45,37,38,26,26,22,24,36,25,22,16,23,23,13,5,5,5,4,1,3,3,3,2,0,1,0,1,1
부산광역시 동구 초량제2동(2617052000),2815,2815,5,5,6,4,9,4,8,15,7,9,15,14,13,8,22,11,11,14,12,9,19,16,32,26,21,30,31,41,43,44,39,41,39,23,31,26,27,37,36,25,41,34,40,38,36,36,39,33,49,50,66,50,41,69,61,45,51,49,51,62,52,55,60,61,53,47,54,55,40,56,46,51,42,48,35,34,22,32,23,36,18,19,19,20,12,11,7,4,9,4,3,4,5,3,2,1,2,0,0,0,1,2877,2877,1,1,3,4,10,6,8,7,9,5,12,14,10,11,14,11,14,13,9,16,28,16,28,21,36,31,31,45,40,34,27,24,18,14,27,17,27,23,28,17,29,20,42,30,26,22,30,40,34,32,45,52,43,45,42,41,47,42,40,49,59,64,60,49,69,77,76,70,57,69,53,63,65,53,51,35,35,48,39,42,41,42,29,25,25,17,14,12,18,13,13,7,7,4,8,2,1,1,1,1,1
부산광역시 동구 초량제3동(2617053000),6358,6358,88,62,60,74,69,68,74,58,62,52,37,44,41,41,49,32,41,43,46,39,67,66,47,83,84,87,81,87,90,114,132,111,134,134,121,143,129,117,156,141,132,135,114,106,92,89,94,97,88,115,90,94,116,106,100,90,83,78,64,90,86,81,93,79,86,71,69,61,57,38,35,46,42,53,27,34,17,33,33,16,23,10,14,14,12,7,11,9,6,4,2,1,2,1,2,1,1,1,0,3,0,6742,6742,73,57,67,53,50,60,63,41,66,41,40,43,27,42,45,31,36,29,40,51,67,75,76,93,91,155,120,130,138,140,192,135,160,123,130,120,131,120,107,147,122,128,120,82,78,82,79,97,114,82,105,103,98,104,76,98,94,66,89,78,88,99,100,84,71,57,80,68,59,70,52,34,37,42,38,34,42,47,31,39,31,25,24,31,26,22,21,17,16,16,7,10,3,4,3,7,1,2,0,1,3
부산광역시 동구 초량제6동(2617055000),2882,2882,6,4,1,4,7,9,11,9,7,16,16,18,19,19,22,23,17,21,24,25,19,30,29,38,31,32,34,34,38,27,38,27,30,27,18,25,18,22,39,23,33,35,36,24,34,35,45,46,39,64,50,54,58,54,47,53,44,56,68,50,47,67,57,59,51,57,53,57,38,63,57,38,40,45,43,40,22,28,25,49,26,21,20,15,20,13,20,8,7,2,5,4,1,1,1,0,0,0,0,0,0,3020,3020,3,3,5,8,0,10,6,13,10,17,12,20,10,23,18,22,13,20,17,14,18,35,27,32,16,28,22,27,21,21,23,23,18,17,17,20,18,30,15,18,23,32,38,35,41,23,37,41,44,48,52,46,35,47,49,46,39,47,43,56,61,68,66,60,67,60,63,55,55,71,55,56,52,72,67,39,29,46,40,61,42,57,40,36,19,33,28,19,19,12,19,7,7,9,4,4,4,3,2,0,1
부산광역시 동구 수정제1동(2617056000),2005,2005,7,9,5,7,7,7,14,17,12,14,12,15,13,12,17,19,10,14,21,12,21,21,27,31,28,23,27,10,36,25,29,18,17,18,19,21,18,17,31,27,26,28,29,20,35,31,31,24,30,36,39,37,36,40,43,38,27,31,27,31,31,36,27,38,40,35,26,34,21,43,26,37,23,28,23,25,12,13,15,25,15,20,14,11,10,10,3,5,6,3,2,0,0,1,0,0,0,0,0,0,0,2127,2127,3,2,4,3,5,10,8,13,18,14,12,19,7,8,16,23,11,15,19,14,16,21,16,17,23,23,22,24,27,30,26,23,14,15,17,13,12,17,17,28,29,23,30,23,24,29,22,34,43,27,27,28,29,36,37,28,41,17,34,33,54,41,25,40,47,45,56,33,44,36,44,27,30,38,43,32,20,33,24,37,26,19,18,16,16,12,9,8,8,6,7,3,2,4,1,0,1,0,0,0,3
부산광역시 동구 수정제2동(2617057000),4670,4670,23,17,13,20,17,21,18,19,25,29,20,19,14,21,31,25,30,36,34,35,43,32,42,48,45,48,64,54,65,83,63,67,72,65,62,44,66,58,63,52,57,69,68,49,57,41,65,63,79,88,80,79,88,83,83,70,87,64,66,97,88,103,99,70,98,96,77,80,80,69,67,72,63,76,52,57,34,49,36,54,38,34,33,20,21,19,14,12,9,3,3,1,2,1,0,1,1,0,0,2,0,5154,5154,21,18,13,16,19,20,26,15,23,22,28,19,22,18,25,25,23,27,37,39,36,56,51,44,59,51,63,67,70,74,57,67,55,53,54,50,35,50,60,40,46,60,39,49,57,58,59,58,71,74,79,81,86,85,81,69,76,97,79,107,89,129,116,93,111,100,115,96,81,81,101,69,86,85,99,74,60,57,50,80,47,65,38,40,41,25,34,41,22,20,19,9,5,5,5,2,1,1,0,2,1
부산광역시 동구 수정제4동(2617059000),1890,1890,0,1,4,7,8,6,8,3,3,9,4,10,6,7,14,8,11,8,19,13,20,27,18,22,18,15,17,24,11,19,18,16,12,12,21,13,14,19,17,15,18,21,30,18,18,22,24,22,26,33,37,42,33,43,35,37,27,42,31,44,44,41,34,44,46,40,38,44,30,38,28,22,31,29,35,31,20,17,22,33,29,13,16,11,13,8,12,2,5,2,3,2,1,3,1,2,0,0,0,0,0,1959,1959,3,2,3,2,3,7,5,2,3,6,5,5,8,7,6,6,11,11,8,12,14,11,15,10,17,17,21,10,18,20,13,10,12,14,14,10,14,9,16,15,12,12,7,15,12,14,12,25,39,29,28,27,34,26,24,39,23,24,28,40,36,32,43,49,35,33,55,40,38,46,38,37,51,47,57,43,34,29,33,50,36,44,31,25,26,23,22,12,9,5,15,1,2,6,5,2,1,1,2,0,0
부산광역시 동구 수정제5동(2617060000),2526,2526,2,1,3,11,6,8,5,11,15,9,23,12,16,16,20,10,12,26,18,20,14,29,36,23,26,30,37,33,30,22,28,21,22,19,21,17,20,22,22,23,34,23,35,25,35,22,36,37,49,50,42,47,50,47,59,35,43,45,36,50,41,55,60,48,57,44,56,45,26,49,40,43,45,52,42,33,19,36,30,31,22,20,22,17,9,10,8,8,5,2,2,2,3,2,0,0,2,0,0,1,0,2766,2766,1,2,3,2,3,13,10,12,8,10,18,12,18,10,15,15,19,17,20,19,21,17,31,24,25,26,29,26,18,22,18,19,16,14,20,8,10,15,21,23,34,21,31,28,37,22,24,38,34,29,32,45,53,45,46,34,48,44,47,56,57,68,73,48,41,68,69,77,42,59,49,46,49,61,50,49,35,51,38,45,57,36,39,30,20,19,22,23,6,17,10,5,10,6,7,3,1,0,0,1,1
부산광역시 동구 좌천동(2617064500),5562,5562,23,26,19,25,19,27,23,28,21,33,34,26,26,25,26,30,33,28,34,52,55,62,61,78,68,77,103,84,82,75,73,67,72,52,51,54,67,51,69,73,74,66,89,80,80,73,76,81,93,82,89,99,91,94,94,90,94,85,80,92,120,115,115,105,107,114,98,92,75,73,82,71,55,68,72,66,53,53,54,63,51,41,32,39,30,19,21,12,13,2,5,2,2,3,2,0,1,0,0,0,2,5882,5882,26,18,29,17,28,22,26,19,24,13,30,19,25,21,39,31,26,46,41,32,64,48,54,47,76,81,76,66,60,61,61,60,63,62,56,49,64,60,58,58,62,81,53,56,59,54,68,77,73,76,95,121,94,101,90,95,93,96,80,122,116,129,102,114,114,108,131,103,91,102,93,81,106,103,94,64,67,88,83,82,68,62,76,64,40,33,32,36,25,11,13,14,4,12,6,3,3,1,3,1,2
부산광역시 동구 범일제1동(2617065000),5777,5777,16,10,17,10,14,19,17,17,15,23,34,27,19,33,21,26,23,20,45,33,46,56,57,50,60,73,101,78,82,68,85,66,70,67,58,55,66,46,67,79,78,68,83,48,62,59,87,87,99,80,111,90,124,107,103,89,101,101,113,107,124,135,151,114,122,139,114,108,101,96,108,80,77,62,85,52,56,60,65,59,55,48,34,24,45,27,15,11,11,11,4,5,6,1,2,1,1,0,2,0,0,5958,5958,11,10,12,18,11,16,12,16,23,20,33,23,25,26,30,31,28,34,30,31,47,44,56,54,64,66,68,64,68,77,78,54,40,49,38,41,50,42,43,54,73,50,48,49,51,53,53,63,79,77,101,89,86,90,109,92,82,94,102,123,133,162,149,142,143,153,135,132,102,122,101,99,98,100,87,73,54,90,79,97,93,72,72,70,46,54,52,32,27,25,20,11,8,7,7,4,3,1,0,0,2
부산광역시 동구 범일제2동(2617066000),3986,3986,16,17,14,18,27,28,23,12,22,26,22,19,13,19,19,17,14,16,17,28,34,29,40,25,43,51,70,65,81,83,68,70,52,48,54,54,58,58,55,51,64,46,74,53,60,48,44,68,56,67,71,87,75,75,65,70,66,73,58,83,77,94,92,72,81,76,62,63,71,52,44,35,40,46,33,29,25,25,28,25,18,27,20,16,8,7,13,5,5,5,5,1,1,3,0,0,2,0,0,1,0,3961,3961,15,13,19,13,18,20,21,21,20,15,19,10,24,21,18,18,11,10,19,21,28,46,44,45,67,58,59,79,54,75,60,67,57,53,50,49,56,40,51,57,55,49,52,52,43,51,46,47,57,59,64,59,74,70,65,68,61,67,54,77,84,87,78,79,80,79,78,58,46,54,53,45,52,42,35,35,27,54,29,40,21,34,17,30,20,23,13,10,12,6,4,11,1,2,5,4,0,2,0,0,0
부산광역시 동구 범일제5동(2617068000),2128,2128,17,21,18,19,24,21,23,19,20,10,14,8,14,11,15,10,12,14,8,14,19,17,19,15,22,21,17,16,16,37,13,18,33,31,29,30,34,24,43,32,43,48,42,41,41,31,39,36,27,41,39,28,37,23,26,38,25,31,30,29,34,36,39,44,55,29,41,31,29,33,33,20,21,16,24,20,11,20,9,12,14,10,10,8,8,6,3,5,2,4,3,0,2,0,1,1,0,1,0,0,0,2181,2181,10,11,14,16,15,18,20,18,20,16,23,9,15,15,11,9,3,7,10,13,15,17,17,18,31,25,23,27,24,29,27,17,38,30,22,26,31,31,40,38,34,30,33,36,26,23,34,32,27,25,32,31,28,21,39,27,26,19,33,29,30,41,36,37,28,51,40,33,30,34,26,26,26,29,24,19,29,19,29,36,24,24,12,15,16,16,11,12,6,8,7,6,5,4,4,0,0,1,1,1,1
부산광역시 영도구 (2620000000),54185,54185,136,161,169,215,226,248,310,288,307,356,334,371,304,348,351,356,322,369,422,401,504,591,630,618,676,656,578,639,607,697,607,509,521,495,492,540,501,520,612,692,687,734,732,651,679,674,742,823,910,877,946,976,923,940,943,1012,943,856,936,1050,1127,1251,1164,1096,1115,1094,1077,1031,831,890,783,700,795,718,712,648,444,539,471,599,449,363,336,283,213,179,149,113,83,72,51,30,21,15,5,12,3,3,2,3,2,55806,55806,139,142,199,189,245,274,279,274,303,300,327,374,278,336,352,318,312,351,394,376,441,521,532,508,506,536,534,530,494,497,474,447,409,456,387,402,439,444,560,577,667,674,674,614,607,596,694,744,818,819,820,854,880,921,863,866,871,920,832,1094,1220,1320,1234,1141,1150,1182,1309,1099,926,1039,932,881,914,906,912,850,597,706,694,827,684,621,569,459,407,372,312,262,218,183,122,99,99,81,58,47,28,19,14,8,21
부산광역시 영도구 남항동(2620053000),5416,5416,15,14,20,12,15,19,24,25,25,28,22,22,24,20,19,19,26,26,38,31,51,44,58,53,65,64,52,58,69,53,66,56,49,50,63,63,58,43,70,63,53,73,76,55,72,66,82,85,73,93,107,88,90,116,103,127,109,95,96,112,131,126,121,123,107,104,119,121,83,83,73,79,81,75,84,66,51,52,50,55,49,32,34,40,20,25,19,11,10,8,12,5,0,2,0,1,0,0,1,0,0,5423,5423,8,14,10,14,18,25,23,21,23,17,32,26,21,26,28,19,20,24,24,27,34,57,49,54,54,51,64,54,52,51,49,44,50,46,44,31,40,36,57,55,63,65,64,40,52,55,48,76,80,74,84,70,80,74,80,73,82,98,71,98,127,133,111,108,109,143,143,120,96,89,95,87,96,97,107,107,64,77,74,93,84,62,60,57,39,39,33,28,31,16,13,12,18,13,10,4,4,2,0,2,1
부산광역시 영도구 영선제1동(2620054000),1904,1904,5,2,7,5,6,10,10,10,12,8,14,14,8,11,17,9,5,15,13,9,22,17,24,15,19,24,23,20,17,27,26,16,8,20,8,18,14,28,22,20,23,29,31,29,23,16,22,28,21,35,31,23,29,38,36,35,40,30,26,34,36,45,53,33,44,40,33,37,27,36,39,30,26,24,27,29,17,21,23,27,11,24,16,17,4,6,4,5,2,4,4,1,0,1,0,0,0,1,0,0,0,2064,2064,6,3,5,5,13,8,15,4,6,9,11,12,12,11,10,13,10,12,14,11,13,15,25,23,27,23,15,15,18,22,15,25,11,20,12,17,13,14,17,21,21,18,16,30,24,16,26,22,28,24,37,26,32,33,29,44,37,43,24,49,43,58,45,50,52,56,41,50,31,44,37,35,31,39,36,39,15,23,21,21,26,20,16,11,12,14,15,11,13,6,6,4,3,0,1,1,2,1,1,3,1
부산광역시 영도구 영선제2동(2620055000),3991,3991,9,11,20,12,11,19,23,25,21,21,22,27,26,21,16,39,23,26,33,31,38,51,38,41,43,55,43,49,48,64,40,37,54,45,37,49,22,35,45,53,45,56,47,39,41,41,55,56,47,52,72,67,82,46,69,69,69,66,64,85,85,85,91,79,75,89,79,65,44,80,59,57,57,55,63,48,28,46,39,65,42,24,32,21,27,19,18,5,3,3,4,3,5,1,1,1,1,0,1,0,0,4228,4228,16,7,10,14,12,13,22,21,19,31,16,31,17,29,24,26,23,18,29,26,27,31,39,46,32,32,44,39,35,35,42,37,34,32,33,37,24,44,38,33,41,47,50,50,44,37,48,58,58,65,65,50,79,72,66,69,72,78,60,88,97,90,106,90,69,86,88,85,72,91,75,69,82,79,79,69,55,55,56,52,54,61,43,41,29,29,19,18,9,12,15,7,10,6,2,5,1,5,2,0,0
부산광역시 영도구 신선동(2620058500),4126,4126,5,9,8,5,10,9,12,12,19,19,12,20,19,22,20,25,18,25,32,28,25,46,29,29,46,34,32,52,42,50,32,29,29,28,31,33,33,36,35,39,45,47,54,50,44,54,59,69,79,73,66,94,69,91,79,80,90,83,73,98,96,108,94,81,108,87,76,73,65,80,52,64,52,69,73,60,46,49,43,60,42,43,55,26,25,17,12,11,9,6,3,0,2,2,0,1,0,0,0,0,0,4086,4086,8,7,10,8,5,7,8,8,14,13,11,21,7,27,29,16,22,22,21,24,26,31,33,22,35,29,33,43,30,27,29,26,16,23,15,13,22,23,27,34,37,43,35,37,37,40,35,49,47,48,64,65,58,64,57,64,53,58,63,62,92,110,93,77,100,84,101,82,77,104,66,82,75,85,104,91,53,84,69,88,85,73,65,55,43,43,35,24,28,17,12,4,11,14,9,3,4,1,1,0,1
부산광역시 영도구 봉래제1동(2620059000),3327,3327,8,12,10,15,16,22,30,13,15,25,13,18,21,14,20,18,19,16,25,22,29,29,32,39,30,34,30,46,37,45,30,38,38,27,27,39,39,34,42,38,47,47,43,43,51,44,48,51,58,46,56,73,58,46,56,54,54,41,59,62,74,100,65,78,75,67,63,61,44,68,47,42,51,48,41,45,25,37,22,31,23,29,15,20,16,7,9,8,4,6,4,2,4,0,0,3,0,0,0,1,0,3392,3392,10,9,16,18,15,21,12,11,12,15,15,22,18,19,17,18,16,12,21,25,22,34,39,24,27,24,30,42,29,40,33,26,31,32,24,27,26,27,34,27,39,36,43,40,32,42,40,35,48,48,52,31,40,55,40,48,58,53,45,72,75,75,84,78,73,72,81,83,74,66,66,52,63,46,48,47,39,37,49,44,45,34,36,34,30,24,20,18,13,22,12,10,5,8,1,1,4,1,2,0,3
부산광역시 영도구 봉래제2동(2620060500),3837,3837,16,20,14,33,28,27,24,19,26,27,32,28,21,21,26,18,33,22,25,33,40,26,33,33,36,42,42,51,45,46,45,44,37,29,44,46,44,44,58,60,65,58,63,57,45,48,63,59,81,64,60,65,70,71,61,71,74,71,58,60,67,64,65,67,66,67,54,55,49,59,65,42,46,46,46,38,26,39,40,61,33,29,31,17,7,13,14,8,7,6,2,1,0,3,0,1,0,1,0,0,0,4049,4049,17,21,26,21,24,39,29,23,29,31,32,25,22,20,24,30,30,28,22,26,30,31,24,51,24,42,32,32,43,41,44,37,34,43,31,36,43,35,56,60,55,59,54,37,53,53,60,51,66,68,53,61,59,58,69,65,60,55,57,65,76,69,74,70,70,72,79,68,55,80,62,63,66,68,60,51,44,48,52,82,43,41,40,29,28,22,23,19,8,9,9,1,8,3,2,7,0,0,1,0,1
부산광역시 영도구 청학제1동(2620063000),2960,2960,11,11,4,9,14,24,18,20,26,23,19,29,15,24,20,20,16,22,15,25,17,32,32,18,29,31,29,30,26,29,33,16,31,23,27,27,30,26,31,41,55,38,45,46,42,42,42,54,49,46,48,59,53,52,53,50,38,45,54,51,62,66,67,51,64,61,73,56,37,41,41,43,50,34,30,39,26,28,35,39,22,24,19,13,11,15,3,6,4,5,1,0,2,2,1,3,1,0,0,0,0,3100,3100,6,9,10,13,14,22,20,17,14,13,18,21,13,24,15,14,16,25,20,24,18,30,29,15,24,22,19,36,28,31,24,23,30,15,26,26,18,30,34,33,43,37,43,39,33,39,50,44,38,39,44,49,48,47,31,52,36,44,50,66,63,83,57,54,58,67,87,45,54,67,55,46,47,52,65,46,41,57,30,48,31,43,29,27,20,23,15,20,11,10,4,10,4,5,5,5,3,1,0,0,1
부산광역시 영도구 청학제2동(2620064000),8657,8657,17,35,28,36,40,38,53,54,55,74,75,80,57,74,65,57,67,77,77,80,87,95,87,96,102,95,91,92,96,109,113,80,83,84,75,95,92,78,95,131,120,121,113,111,113,117,123,129,149,143,150,172,161,145,149,150,135,152,146,156,172,189,179,162,161,168,151,157,135,122,139,98,127,123,96,89,73,78,73,67,69,50,47,41,22,27,27,17,10,6,2,3,2,2,1,1,0,0,0,1,0,8844,8844,30,17,38,30,53,56,48,56,67,59,62,79,53,48,67,69,59,71,71,54,74,71,89,70,83,97,89,91,76,72,70,76,64,70,59,59,79,66,94,102,121,119,120,120,99,110,134,131,134,136,113,180,137,162,146,127,143,156,144,164,177,214,207,174,172,166,186,187,137,149,158,141,123,109,115,95,71,101,103,109,82,72,79,62,59,55,45,28,26,29,13,15,15,7,9,10,3,2,0,2,3
부산광역시 영도구 동삼제1동(2620065000),13388,13388,37,34,43,58,68,57,93,80,78,103,94,109,79,115,109,118,86,108,119,101,145,173,213,191,199,182,152,173,157,196,151,130,148,128,130,116,116,140,157,167,158,173,188,140,171,171,174,193,247,228,236,214,201,236,221,261,228,184,232,264,269,302,258,268,264,277,277,249,221,182,156,148,185,159,152,153,84,110,92,125,99,70,51,50,51,35,27,25,28,15,14,8,4,1,2,1,1,1,0,0,1,14011,14011,31,39,57,56,65,69,79,95,91,86,93,96,90,106,104,85,83,107,129,121,140,165,157,145,146,156,149,133,124,123,124,102,92,127,102,122,132,124,145,154,177,175,186,157,172,139,196,207,234,227,222,231,248,255,261,221,227,234,230,286,305,323,296,302,278,285,306,220,205,218,187,183,192,208,180,182,129,116,136,163,151,127,126,86,90,69,53,61,49,38,26,25,14,16,11,8,3,4,5,1,5
부산광역시 영도구 동삼제2동(2620066000),1796,1796,5,3,2,13,6,9,8,12,15,6,10,6,9,4,12,10,2,9,9,14,13,42,35,52,59,50,41,28,25,25,24,18,12,11,12,14,11,13,16,27,22,23,23,33,23,22,20,28,30,29,27,25,27,25,24,26,24,24,24,25,27,38,40,32,26,35,26,38,22,40,23,27,29,16,18,23,29,22,8,18,8,10,9,8,9,2,4,3,1,2,1,2,2,0,0,0,0,0,0,1,1,1574,1574,2,8,7,3,11,8,9,3,9,10,9,15,8,4,8,6,6,7,10,13,19,29,16,19,23,23,17,10,15,17,10,12,19,8,12,6,17,11,16,16,18,24,17,18,16,19,15,18,17,19,20,22,21,26,13,18,21,26,17,21,32,34,30,29,45,39,37,39,24,28,23,35,29,26,32,28,20,22,20,25,18,12,20,9,13,6,8,10,8,4,3,1,4,2,1,0,0,1,0,0,0
부산광역시 영도구 동삼제3동(2620067000),4783,4783,8,10,13,17,12,14,15,18,15,22,21,18,25,22,27,23,27,23,36,27,37,36,49,51,48,45,43,40,45,53,47,45,32,50,38,40,42,43,41,53,54,69,49,48,54,53,54,71,76,68,93,96,83,74,92,89,82,65,104,103,108,128,131,122,125,99,126,119,104,99,89,70,91,69,82,58,39,57,46,51,51,28,27,30,21,13,12,14,5,11,4,5,0,1,0,0,0,0,0,0,0,5035,5035,5,8,10,7,15,6,14,15,19,16,28,26,17,22,26,22,27,25,33,25,38,27,32,39,31,37,42,35,44,38,34,39,28,40,29,28,25,34,42,42,52,51,46,46,45,46,42,53,68,71,66,69,78,75,71,85,82,75,71,123,133,131,131,109,124,112,160,120,101,103,108,88,110,97,86,95,66,86,84,102,65,76,55,48,44,48,46,25,22,20,9,10,7,7,7,3,4,1,2,0,5
부산광역시 부산진구 (2623000000),169496,169496,703,760,792,941,1019,1114,1159,1187,1088,1212,1202,1217,1109,1133,1231,1125,1116,1273,1330,1392,1624,2062,2142,2284,2392,2681,2751,2766,2862,2935,2714,2476,2458,2287,2271,2135,2209,2162,2413,2582,2642,2678,2606,2335,2315,2235,2382,2578,2756,2766,2832,2887,2796,2834,2574,2649,2682,2692,2544,2901,3084,3218,2927,2828,2824,2728,2654,2558,1960,2084,1844,1697,1706,1672,1494,1352,996,1099,1059,1220,998,818,771,625,481,406,345,285,233,170,120,69,69,44,21,11,8,9,8,5,3,182268,182268,740,701,786,880,882,1075,1158,1123,1087,1247,1212,1187,1072,1101,1214,1119,1085,1155,1271,1381,1832,2217,2329,2605,2794,2815,2898,3015,2837,2856,2831,2461,2361,2150,2182,2008,2041,2035,2340,2447,2559,2543,2524,2154,2191,2229,2358,2501,2763,2741,2973,2840,2899,3036,2903,2750,2835,2880,2618,3143,3464,3749,3517,3180,3137,3001,3065,2667,2337,2434,2115,1970,2004,2063,1929,1693,1260,1491,1389,1683,1520,1256,1222,1085,908,835,674,568,451,386,296,232,208,170,123,65,48,35,26,21,21
부산광역시 부산진구 부전제1동(2623051000),7938,7938,24,37,32,44,41,38,19,32,20,22,26,17,26,21,31,25,28,29,36,45,60,80,121,124,166,175,213,216,212,220,203,158,156,117,136,125,120,126,103,123,106,122,91,79,103,68,76,118,128,98,110,134,136,155,141,126,139,121,118,159,136,158,139,139,129,121,123,123,79,91,83,70,78,79,64,51,57,39,36,37,48,38,27,25,19,14,13,16,12,7,5,1,4,1,0,0,1,0,0,0,0,7956,7956,34,34,31,34,31,29,32,39,26,21,29,24,19,19,14,25,26,24,36,47,87,113,172,198,239,260,227,279,213,221,202,146,138,101,139,116,88,85,112,81,99,91,86,55,74,60,93,68,79,87,105,104,119,114,117,99,105,111,104,114,114,128,149,124,139,119,134,103,88,88,79,88,84,61,82,67,51,58,47,66,61,50,52,44,45,34,22,19,16,23,11,10,8,7,6,0,0,2,1,1,0
부산광역시 부산진구 부전제2동(2623052000),4963,4963,28,20,30,31,38,41,43,35,29,29,27,22,24,26,17,22,16,20,22,32,39,53,67,83,104,105,115,130,123,125,113,96,83,104,75,77,76,79,85,103,116,88,88,80,73,68,72,76,72,80,91,74,74,85,54,87,71,81,66,68,67,82,71,81,81,65,69,53,48,41,41,27,28,39,23,23,28,17,19,26,10,11,10,10,12,3,1,7,6,2,2,1,2,2,1,0,1,0,1,1,0,4978,4978,32,26,25,29,24,36,40,22,33,24,23,23,18,21,22,19,16,21,30,39,56,92,78,113,112,134,118,120,111,100,110,103,76,74,79,83,71,63,81,71,92,96,74,60,61,46,56,55,76,76,79,80,78,95,67,75,84,73,55,68,102,93,82,82,60,52,65,52,48,53,44,31,38,34,37,31,16,19,20,31,25,18,18,16,20,15,5,10,5,5,7,7,5,4,4,4,1,0,3,1,1
부산광역시 부산진구 연지동(2623054000),9695,9695,42,38,47,64,80,80,92,75,80,84,90,88,84,99,103,83,82,101,83,82,109,128,88,110,83,101,94,110,101,115,109,118,109,117,87,109,101,122,128,128,153,155,138,142,111,133,155,173,186,198,190,174,175,148,139,154,150,135,118,144,153,195,166,160,167,165,167,148,126,126,121,115,116,98,99,79,57,73,78,89,73,58,45,38,42,32,26,23,12,7,7,9,3,1,2,2,0,0,1,1,0,10817,10817,41,46,67,49,59,69,99,101,85,89,87,89,95,65,82,93,71,103,86,85,100,99,98,105,112,97,105,80,82,104,120,100,95,107,96,90,92,104,137,152,177,168,146,166,165,158,154,184,180,188,183,182,178,204,160,142,160,172,141,188,219,251,232,184,213,206,195,153,147,166,147,114,137,139,152,115,99,88,81,125,90,69,73,72,48,61,42,43,24,23,15,13,11,13,9,3,5,8,0,0,0
부산광역시 부산진구 초읍동(2623055000),10623,10623,33,41,54,65,64,82,79,73,68,85,94,88,88,85,86,83,93,83,96,83,100,111,99,104,99,116,129,124,104,122,127,85,104,100,104,107,137,129,143,135,161,168,149,158,132,137,135,165,171,199,174,190,197,171,157,169,191,166,162,182,152,191,182,161,206,201,189,189,152,170,151,142,137,125,121,122,106,87,122,103,84,64,87,57,39,36,24,17,24,12,15,5,5,5,0,0,1,1,0,1,1,11397,11397,31,41,46,61,57,81,65,62,73,74,70,69,60,75,68,68,61,65,91,63,100,84,96,105,94,102,101,123,103,107,95,110,113,101,124,103,108,113,140,128,151,154,173,146,141,148,130,158,171,180,181,150,189,204,198,167,171,170,180,200,253,232,249,227,232,223,257,208,188,196,194,184,170,174,148,151,103,130,128,119,145,116,79,89,60,70,60,40,37,39,21,18,22,12,13,8,2,1,3,1,2
부산광역시 부산진구 양정제1동(2623056000),9349,9349,33,44,40,57,40,69,62,59,61,57,63,67,68,74,68,64,63,89,86,86,99,118,144,128,128,127,140,138,159,146,148,110,125,122,125,103,102,96,120,128,138,129,131,103,158,129,125,146,174,165,157,197,166,180,144,147,174,176,138,159,179,186,167,167,140,148,156,133,108,124,86,77,92,82,69,70,58,75,55,63,48,35,37,37,37,19,25,20,21,14,9,7,7,0,2,3,0,1,0,0,0,10496,10496,54,45,38,62,46,48,57,64,51,67,66,73,58,53,77,78,60,78,90,91,95,120,126,129,153,150,141,159,152,139,167,124,124,117,115,111,114,108,114,157,118,116,149,124,121,132,138,154,192,179,189,167,189,195,209,176,187,176,186,183,193,201,201,199,186,164,160,147,108,138,117,98,116,123,116,103,71,95,82,94,84,78,89,71,49,46,45,42,39,22,17,11,12,10,3,4,5,1,1,2,2
부산광역시 부산진구 양정제2동(2623057000),5443,5443,17,22,15,19,29,26,29,32,26,29,21,26,25,14,23,23,16,23,33,42,54,59,103,95,94,143,143,135,155,163,141,113,120,88,93,94,85,82,96,97,90,82,82,81,77,59,82,80,82,108,64,75,93,78,80,74,67,78,76,71,73,66,71,69,62,82,63,65,57,50,50,47,50,38,43,46,20,26,24,34,43,36,16,22,11,11,11,10,7,6,4,3,2,1,0,0,0,0,0,1,1,6454,6454,13,16,17,24,21,40,25,30,21,17,25,21,23,29,23,21,27,30,27,50,101,126,124,174,198,178,233,236,196,203,179,136,147,99,104,89,92,99,92,89,89,102,60,63,66,67,71,100,72,85,84,88,90,80,67,54,66,61,49,79,81,77,79,91,79,85,76,72,74,61,51,51,51,58,56,52,46,45,44,43,36,36,43,38,24,26,21,17,7,8,11,4,6,10,3,2,0,1,0,0,1
부산광역시 부산진구 전포제1동(2623060000),10436,10436,79,86,65,74,90,67,69,73,54,54,70,56,68,47,62,50,74,74,61,81,78,121,141,163,189,246,248,255,260,274,292,210,231,230,236,213,193,191,184,213,208,184,184,160,133,125,148,144,164,148,158,141,142,147,130,105,130,113,121,130,140,114,118,122,115,120,120,124,71,83,76,74,68,72,73,53,39,49,47,45,46,50,40,31,25,15,15,21,5,7,6,6,5,0,0,0,0,2,2,0,0,11405,11405,80,57,81,52,87,69,84,66,57,61,69,63,57,65,59,62,52,56,69,93,138,178,207,265,267,291,305,317,290,307,265,245,239,237,218,184,160,190,184,189,162,187,163,131,126,143,149,147,154,149,163,143,157,158,167,105,128,113,99,139,154,138,141,154,126,118,121,115,96,92,83,94,95,84,74,70,63,69,65,80,62,61,53,52,38,54,25,26,25,18,13,11,12,11,7,3,1,2,1,0,0
부산광역시 부산진구 전포제2동(2623061000),9731,9731,23,35,28,30,45,64,51,54,47,64,57,74,44,44,56,55,52,51,61,74,85,109,102,143,146,161,198,190,211,221,182,167,148,151,166,123,134,111,140,133,148,158,137,109,116,139,119,141,145,151,170,152,170,137,150,134,131,145,121,161,162,179,165,162,160,175,141,152,114,126,115,104,115,115,87,96,64,73,87,86,67,50,54,43,42,28,26,28,19,17,5,3,1,2,2,0,1,0,1,0,0,11077,11077,35,31,24,39,32,42,45,54,51,58,56,53,60,45,76,57,47,60,49,54,97,141,154,177,198,213,224,218,214,207,211,162,153,152,138,117,121,112,154,138,164,171,166,134,143,130,136,135,145,158,173,158,142,159,153,150,154,157,146,156,194,206,225,216,176,208,187,150,159,156,132,140,131,152,132,113,86,123,98,108,98,98,84,83,66,52,43,34,27,20,21,15,11,6,10,7,3,4,2,1,1
부산광역시 부산진구 부암제1동(2623064000),11219,11219,61,70,82,109,92,116,111,115,119,97,119,92,93,82,102,83,88,106,88,113,96,134,129,126,102,150,134,146,117,152,117,141,139,122,142,124,159,169,160,209,186,210,196,189,167,181,180,204,195,179,204,228,198,171,176,162,150,167,184,195,186,205,179,183,171,157,164,145,111,109,109,92,106,125,94,87,61,67,67,86,59,37,35,36,26,19,19,9,16,9,7,1,4,2,1,2,0,2,2,0,1,11794,11794,53,64,58,83,79,101,105,87,119,117,111,112,78,91,93,86,93,77,93,94,106,109,115,125,148,119,151,146,146,146,168,141,138,121,131,145,164,168,172,194,211,211,165,179,166,174,187,173,213,175,221,190,210,184,191,178,180,184,171,216,229,222,214,183,190,162,167,155,155,118,100,121,124,134,110,96,72,73,89,106,82,79,63,59,53,35,21,39,30,28,13,11,9,10,5,4,2,2,0,0,3
부산광역시 부산진구 부암제3동(2623066000),8535,8535,23,30,25,44,49,60,57,69,63,101,71,74,84,90,102,95,77,106,114,101,100,124,92,98,118,104,114,84,122,89,62,76,70,81,58,83,89,77,96,100,118,111,131,127,127,130,132,144,151,158,170,169,163,154,136,149,165,152,148,174,209,179,155,163,140,142,141,110,91,97,75,91,71,75,91,59,41,65,54,58,56,30,39,20,20,25,17,15,11,4,2,1,2,2,0,1,1,1,0,0,0,8829,8829,22,25,32,45,49,52,54,68,57,96,93,84,91,100,94,106,83,90,78,81,91,90,92,70,78,90,81,76,77,70,66,70,79,65,78,54,87,71,93,111,138,118,152,129,124,124,175,154,166,160,155,163,169,174,142,155,158,176,167,173,173,189,182,173,161,131,131,124,112,133,106,90,99,96,108,72,57,67,56,77,70,51,54,33,46,38,29,29,11,16,11,10,12,9,3,3,3,1,1,0,1
부산광역시 부산진구 당감제1동(2623067000),10951,10951,24,39,37,32,45,61,52,71,64,81,87,94,86,92,120,80,80,96,124,87,128,143,145,136,164,162,148,131,139,159,149,122,122,101,98,123,100,125,122,146,133,144,174,142,138,135,152,172,174,183,202,212,180,201,206,202,183,210,192,210,256,268,223,207,186,197,175,186,144,157,134,110,110,102,108,95,60,65,69,84,57,53,47,46,32,33,14,20,15,15,6,5,3,5,3,0,0,0,1,0,0,11959,11959,39,26,32,40,62,53,66,65,70,102,78,79,79,91,96,68,101,90,94,131,104,137,110,124,131,110,127,134,135,131,121,106,112,93,83,89,104,89,127,147,125,126,157,136,148,162,141,193,194,224,224,238,196,234,247,212,219,243,201,235,258,297,266,223,247,225,202,189,162,183,158,132,148,157,122,110,88,103,102,138,114,95,89,79,77,70,73,41,33,30,23,29,19,12,11,6,9,1,4,1,2
부산광역시 부산진구 당감제2동(2623068000),4881,4881,41,34,36,32,41,34,33,30,32,43,39,38,26,38,36,35,37,36,24,40,39,57,46,49,53,57,68,65,70,95,74,80,81,82,82,79,85,66,86,73,89,95,88,68,59,62,87,53,81,65,88,66,63,89,53,64,67,79,55,74,86,92,78,71,92,67,89,65,54,63,48,51,55,60,42,37,25,30,35,32,28,27,30,17,12,15,14,5,8,6,2,2,3,3,0,0,0,0,0,0,0,5357,5357,40,33,32,29,26,39,48,40,35,33,34,29,28,29,39,31,35,31,30,38,49,54,45,57,63,78,70,78,93,91,94,96,76,67,72,72,70,54,81,93,97,77,82,76,50,67,67,75,73,86,73,70,77,74,74,64,76,85,67,90,96,124,102,97,96,98,113,84,64,68,62,51,77,49,62,53,32,44,45,50,38,28,31,46,18,19,20,10,12,6,9,6,4,5,2,3,0,0,0,1,0
부산광역시 부산진구 당감제4동(2623070000),5498,5498,23,19,21,27,40,33,48,41,37,45,44,42,41,38,43,47,43,46,40,30,52,60,67,60,62,70,75,63,80,55,58,59,71,45,64,54,64,64,87,70,73,97,76,91,71,100,72,93,80,80,106,100,98,101,117,109,104,84,91,115,136,115,104,88,96,103,101,100,54,82,67,53,54,60,53,36,28,42,30,42,37,32,29,16,14,8,9,3,4,7,5,2,1,0,1,0,0,0,0,0,0,5764,5764,20,16,15,27,21,35,33,39,49,43,38,36,53,44,39,36,36,41,55,47,58,61,54,62,54,41,56,57,62,54,65,50,55,60,47,60,68,62,58,64,80,84,82,58,68,83,68,72,100,98,107,111,120,108,112,114,131,106,85,116,128,129,124,110,84,101,87,96,80,91,72,82,56,70,76,54,42,45,60,43,57,44,36,40,37,23,28,19,22,16,7,6,8,3,4,2,4,2,1,1,0
부산광역시 부산진구 가야제1동(2623071000),9574,9574,25,13,33,31,26,35,56,60,51,56,69,61,50,52,56,54,45,52,68,90,91,154,178,208,192,163,174,163,146,151,118,131,122,112,109,97,107,89,139,130,133,118,147,139,151,138,160,143,135,164,152,156,165,174,133,163,159,143,168,164,194,190,196,168,158,132,171,164,113,139,110,116,120,104,82,97,69,65,50,78,53,44,54,33,22,23,20,18,12,9,3,2,1,1,1,0,0,0,0,0,0,9510,9510,25,24,30,36,24,53,50,51,39,63,64,60,43,52,67,54,42,59,66,86,115,171,136,158,128,114,137,136,104,111,128,106,104,96,87,81,98,90,89,119,117,105,107,110,114,105,115,134,128,130,143,148,148,162,146,149,183,160,157,175,219,229,185,179,174,206,189,170,130,164,139,117,104,124,116,100,76,92,74,123,107,85,68,53,48,42,36,28,19,21,11,12,16,8,7,1,0,2,3,1,0
부산광역시 부산진구 가야제2동(2623072000),8148,8148,28,33,36,39,49,58,54,55,58,55,60,69,54,68,60,79,57,68,85,81,85,96,117,116,119,115,117,95,123,109,104,100,98,84,84,89,85,96,83,110,111,117,133,97,80,103,115,111,136,123,131,132,145,150,98,136,142,137,131,124,144,173,151,138,151,135,132,129,109,105,108,101,108,106,87,83,56,79,50,66,58,50,43,37,19,26,21,16,8,8,7,4,7,4,3,0,1,2,0,0,0,8619,8619,28,26,42,37,37,56,51,62,51,79,65,67,55,75,67,64,62,62,73,60,101,108,96,84,86,93,99,97,98,80,102,90,68,62,85,94,69,89,98,106,116,134,112,100,112,98,103,117,140,129,176,126,143,137,156,144,133,141,129,184,178,208,178,169,168,147,167,153,138,150,130,106,96,108,95,105,67,84,73,77,76,51,45,41,58,42,26,24,24,16,13,16,11,12,5,2,0,1,0,4,1
부산광역시 부산진구 개금제1동(2623074000),8002,8002,43,37,62,56,50,53,64,75,69,61,55,47,50,37,43,34,36,53,54,58,67,108,120,138,146,172,124,144,175,167,158,160,145,129,135,113,125,117,125,137,134,150,146,108,128,104,113,132,118,124,100,119,134,118,125,121,128,121,107,139,132,116,114,99,111,105,97,75,86,81,68,75,54,76,61,51,37,46,37,47,45,41,24,33,17,13,15,7,8,4,6,4,3,3,0,0,0,0,0,0,0,8697,8697,36,47,47,51,38,67,70,89,55,57,67,59,50,42,50,55,47,35,48,73,122,142,171,170,191,192,166,213,191,181,165,141,136,108,142,103,106,116,120,129,138,116,128,93,110,104,97,107,120,124,122,144,127,136,133,138,104,134,100,108,142,164,148,119,107,116,119,107,93,95,68,77,71,76,73,69,55,55,39,61,60,48,51,52,25,22,31,22,14,10,8,6,4,3,5,2,3,1,2,2,1
부산광역시 부산진구 개금제2동(2623075000),5311,5311,13,16,12,27,29,25,36,37,24,50,38,46,51,40,34,30,25,44,32,44,72,86,76,68,88,78,82,90,85,62,69,61,68,52,62,50,64,53,56,59,70,80,76,61,73,60,71,76,91,86,88,93,78,85,93,102,89,95,70,105,113,96,110,109,93,95,85,84,72,71,62,59,63,67,54,45,36,43,41,37,35,32,35,20,19,22,10,8,8,1,5,1,2,1,1,0,0,0,0,0,0,5590,5590,13,20,20,24,33,29,39,35,29,45,44,29,32,28,58,34,41,39,49,40,53,77,74,84,70,71,79,64,70,60,58,56,51,41,51,50,40,38,59,54,63,57,75,62,63,62,77,86,83,68,96,105,94,105,85,107,94,101,84,98,102,140,119,100,108,96,98,101,93,73,83,73,74,69,61,58,45,65,64,61,53,41,53,42,37,32,24,18,13,12,9,10,3,5,4,2,2,0,0,1,0
부산광역시 부산진구 개금제3동(2623076000),13822,13822,53,64,63,82,88,87,116,115,110,112,94,140,85,120,121,106,135,119,128,137,144,175,175,157,163,200,197,204,185,187,172,161,161,165,152,128,141,134,185,216,177,214,197,180,195,172,194,206,232,233,234,211,221,239,234,243,234,259,233,261,294,318,289,261,273,261,239,250,175,172,160,149,131,114,116,91,75,77,65,88,59,49,52,51,24,31,35,14,15,18,11,7,4,4,1,0,2,0,0,1,0,14825,14825,51,47,65,79,74,80,111,88,101,115,110,124,108,100,124,103,130,138,130,125,145,163,152,158,175,150,164,164,172,169,169,170,152,151,169,138,161,152,180,206,195,200,210,160,165,190,198,213,248,238,265,248,257,289,263,284,263,268,269,319,314,373,319,287,312,273,270,213,216,171,168,147,149,143,134,117,72,115,102,111,102,87,116,75,67,67,54,52,46,39,37,14,20,13,7,4,5,3,1,3,2
부산광역시 부산진구 범천제1동(2623077000),5609,5609,36,21,21,22,29,17,19,23,22,21,18,21,19,25,27,25,20,19,20,24,46,58,51,84,86,118,115,155,147,161,177,157,130,134,117,103,91,88,110,97,91,92,74,71,87,65,70,69,80,74,103,105,68,87,83,75,73,73,84,84,88,96,73,85,90,86,70,82,59,54,45,43,45,43,40,32,22,26,33,38,28,29,25,15,14,14,10,11,7,7,7,3,3,3,0,1,0,0,0,0,0,6307,6307,31,27,23,25,27,31,21,24,27,28,24,28,22,25,21,17,17,16,19,31,48,66,116,126,168,187,160,169,167,195,193,146,129,148,110,96,81,94,92,69,105,76,94,56,65,64,76,69,80,86,91,71,83,84,85,78,88,69,68,86,91,120,109,79,90,87,102,80,52,62,57,53,56,66,55,39,34,40,35,62,49,36,40,32,34,23,25,14,14,10,12,6,7,6,4,2,2,1,2,1,0
부산광역시 부산진구 범천제2동(2623078000),9768,9768,54,61,53,56,54,68,69,63,54,66,60,55,43,41,41,52,49,58,75,62,80,88,81,94,90,118,123,128,148,162,141,171,175,151,146,141,151,148,165,175,207,164,168,150,136,127,124,132,161,150,140,159,130,164,125,127,135,157,161,182,184,199,176,195,203,171,162,181,137,143,135,101,105,92,87,99,57,55,60,81,64,52,42,38,35,19,20,17,15,10,6,2,7,4,3,2,0,0,0,0,0,10437,10437,62,50,61,54,55,65,63,37,58,58,59,65,43,52,45,42,38,40,58,53,66,86,113,121,129,145,154,149,161,180,153,163,176,150,114,133,147,138,157,150,122,154,143,116,109,112,127,107,149,121,143,154,133,140,131,159,151,180,160,216,224,228,213,184,189,184,225,195,134,176,125,121,128,146,120,118,85,81,85,108,111,85,85,68,58,64,44,41,33,24,27,17,8,11,11,3,1,2,1,0,4
부산광역시 동래구 (2626000000),132969,132969,653,700,786,846,954,1105,1272,1320,1243,1426,1338,1436,1234,1353,1368,1276,1239,1250,1366,1306,1390,1597,1630,1587,1567,1673,1719,1678,1720,1740,1652,1543,1578,1575,1466,1539,1633,1595,1824,2100,2219,2270,2329,1950,1994,1898,2060,2223,2259,2402,2345,2324,2262,2264,2100,1981,1957,1899,1744,2104,2198,2298,2231,2027,2111,1947,1873,1864,1503,1641,1353,1255,1265,1292,1158,1024,761,932,733,863,699,587,508,430,340,324,209,184,130,96,81,67,39,25,21,14,7,7,3,4,4,140833,140833,605,614,763,820,972,1063,1207,1248,1147,1316,1251,1263,1149,1214,1277,1206,1077,1159,1251,1200,1321,1404,1470,1474,1620,1585,1577,1561,1557,1625,1594,1483,1470,1514,1498,1483,1562,1640,1978,2193,2296,2305,2398,2100,2040,2077,2224,2271,2445,2312,2413,2451,2324,2395,2304,2120,2220,2226,1950,2455,2598,2679,2603,2350,2318,2222,2441,2069,1829,1871,1631,1503,1466,1478,1351,1227,832,1031,934,1112,937,805,707,677,516,503,461,435,312,274,221,168,140,98,98,67,37,31,25,13,26
부산광역시 동래구 수민동(2626051000),15614,15614,78,92,110,104,114,123,147,161,130,163,152,161,131,158,159,158,133,131,152,154,157,196,180,182,188,189,193,200,215,242,198,206,206,204,193,193,214,196,199,250,276,270,262,224,252,195,246,255,253,259,253,265,262,264,228,215,224,201,228,256,248,261,243,252,250,237,211,226,174,196,154,162,152,141,131,125,97,112,87,98,92,69,60,61,36,36,23,21,14,11,8,12,4,2,2,1,3,1,0,1,0,16616,16616,94,70,98,111,124,131,159,137,132,145,136,141,126,117,137,122,109,107,140,138,138,168,164,164,153,183,171,184,189,191,201,196,204,187,198,196,212,193,220,265,267,263,273,221,240,254,233,226,277,265,267,296,254,304,281,258,302,275,235,285,325,293,307,291,283,264,327,256,228,222,196,161,183,181,135,152,113,115,117,127,134,121,71,72,59,61,47,57,47,30,28,26,14,16,8,11,3,3,2,2,1
부산광역시 동래구 복산동(2626052000),4579,4579,9,10,13,11,14,23,11,26,14,19,27,23,31,32,38,28,23,25,37,47,45,50,53,61,54,50,50,45,61,55,52,50,51,36,47,49,45,39,31,54,46,61,59,46,51,57,64,71,70,65,79,82,89,74,88,79,69,72,77,101,89,103,86,103,115,117,80,104,75,83,70,49,64,68,55,64,43,38,40,52,43,36,25,34,22,20,11,12,14,7,2,8,1,1,0,3,1,2,0,0,0,4801,4801,5,11,14,11,12,10,11,21,19,28,15,20,30,18,26,38,27,32,24,32,38,39,49,46,45,55,44,41,34,48,39,38,36,33,34,33,15,36,43,46,53,41,56,45,39,51,53,62,66,71,74,84,75,84,82,73,106,64,77,105,106,131,124,105,96,110,117,90,82,102,77,93,68,82,97,74,35,61,57,79,66,53,47,44,42,32,30,37,25,12,17,11,16,7,5,5,3,1,1,2,2
부산광역시 동래구 명륜동(2626054500),12033,12033,65,76,89,89,114,140,167,170,170,204,191,194,204,217,190,195,156,153,156,135,143,150,136,130,110,118,109,115,102,94,106,115,94,133,110,100,138,150,171,181,231,255,266,199,220,219,232,257,264,251,261,227,211,210,148,164,207,131,131,136,163,161,142,127,132,151,108,113,87,86,84,95,84,75,83,68,52,53,49,50,50,42,41,26,15,35,17,12,11,2,5,6,1,2,1,0,0,1,3,0,0,12447,12447,58,53,70,83,115,122,179,149,153,179,172,164,145,154,168,135,145,126,139,120,111,134,113,132,127,92,107,107,107,119,107,109,93,134,138,128,124,167,223,228,289,264,299,224,251,266,273,259,247,245,229,240,216,196,176,157,160,150,139,157,194,191,182,151,137,132,137,140,113,119,96,116,98,101,76,83,41,78,50,93,62,54,36,49,33,32,44,35,18,20,14,11,18,10,8,7,0,0,1,0,1
부산광역시 동래구 온천제1동(2626055000),10256,10256,72,72,55,59,59,49,67,43,52,57,48,67,60,59,59,64,54,62,72,76,74,91,146,123,142,146,179,195,222,200,208,200,192,171,193,184,168,167,163,203,180,171,198,147,133,133,143,167,153,189,174,208,178,170,164,131,132,156,152,160,129,160,185,137,133,134,127,138,107,105,86,75,65,90,87,76,55,77,64,84,61,48,35,34,28,26,24,18,13,18,7,5,2,1,3,3,0,1,0,1,2,11478,11478,67,59,49,55,68,67,53,54,61,67,58,50,54,66,55,57,54,75,72,82,122,134,185,168,227,218,229,224,212,245,220,227,198,191,175,160,150,150,171,170,178,186,180,165,146,132,165,176,191,200,179,192,168,202,162,144,155,170,142,165,172,160,166,190,143,164,155,137,146,115,112,125,110,118,107,88,71,73,91,99,78,72,60,68,38,41,34,34,21,27,13,10,10,5,6,3,4,6,1,1,7
부산광역시 동래구 온천제2동(2626056000),10995,10995,56,84,109,124,129,160,164,144,152,115,136,130,108,126,117,105,88,103,112,97,106,127,118,117,110,114,117,120,118,111,97,112,138,155,132,163,164,143,183,203,195,211,194,162,177,154,167,199,194,185,190,186,168,161,164,128,132,145,105,151,154,169,156,129,173,144,154,117,123,132,99,72,108,105,87,83,59,74,64,64,71,43,41,35,35,33,14,17,15,13,16,6,6,5,1,2,1,0,0,0,0,11836,11836,62,80,106,145,141,157,185,161,140,140,143,131,110,107,105,107,70,102,102,87,102,100,110,92,110,91,92,98,120,112,115,114,132,139,156,137,171,185,196,210,228,222,205,206,184,151,195,188,199,148,189,175,179,164,166,154,149,163,134,187,191,213,195,181,182,153,172,130,124,134,118,129,106,120,108,101,54,82,59,102,76,81,59,52,59,52,47,35,31,31,28,17,15,7,9,12,5,7,6,3,1
부산광역시 동래구 온천제3동(2626057000),18742,18742,96,100,108,105,136,145,135,154,142,133,138,149,123,152,144,132,133,141,185,176,189,230,252,270,273,294,300,254,314,321,279,259,260,246,240,257,262,236,271,320,309,273,293,261,242,242,266,267,297,300,297,270,312,344,348,322,280,281,243,334,335,332,330,299,306,262,268,275,236,247,212,191,149,170,153,141,96,142,100,116,100,82,79,59,52,44,31,32,19,11,9,11,6,2,4,2,1,2,0,1,0,19585,19585,85,103,119,114,121,116,122,156,114,131,131,118,101,116,125,122,127,133,136,182,204,217,239,252,319,293,288,284,252,291,268,246,235,246,238,236,219,226,263,279,285,273,296,244,246,232,285,271,324,321,354,352,366,363,372,307,306,324,267,379,399,389,384,340,328,282,342,299,242,287,239,188,227,214,194,167,112,120,134,164,125,90,116,82,63,56,47,51,31,32,27,12,16,14,17,6,4,3,4,1,3
부산광역시 동래구 사직제1동(2626058000),5025,5025,21,25,26,33,46,35,48,56,44,48,48,41,40,48,36,44,47,57,63,51,49,67,62,65,71,74,61,61,57,80,67,67,55,60,57,51,57,71,75,68,100,84,84,75,84,80,75,87,87,87,103,103,94,87,77,67,61,59,68,79,71,73,81,71,63,53,68,55,47,66,44,54,56,46,45,35,29,37,33,38,36,35,19,25,14,15,10,12,6,4,4,3,0,0,2,2,0,0,0,0,0,5456,5456,19,26,29,23,40,44,41,36,49,52,35,57,41,51,65,61,47,47,67,28,53,47,43,54,60,65,65,63,54,67,59,64,52,50,59,50,75,75,69,88,93,87,101,77,75,79,93,91,98,91,96,89,90,92,79,74,76,77,74,82,77,92,94,88,102,68,89,80,79,80,66,54,64,68,46,54,37,47,50,40,40,38,45,37,18,28,15,15,10,13,5,8,2,5,9,1,3,1,3,0,1
부산광역시 동래구 사직제2동(2626059000),12990,12990,64,64,69,76,83,119,159,175,163,235,198,204,164,186,213,189,224,194,191,147,192,213,177,174,159,138,139,137,117,102,119,86,107,89,93,88,103,141,165,177,211,244,256,230,228,251,232,275,283,311,277,268,255,258,208,246,193,168,157,163,185,202,196,172,173,163,141,135,90,107,100,91,80,80,74,65,56,67,37,50,37,38,24,23,13,12,10,7,3,6,1,1,1,1,1,0,0,0,0,1,0,13939,13939,50,54,73,90,94,131,162,157,168,205,200,235,186,244,232,193,187,192,189,160,192,168,167,135,145,133,115,111,116,95,85,88,98,101,93,130,128,147,195,238,242,288,309,268,254,306,312,300,342,303,283,277,258,244,202,198,202,214,175,209,195,216,210,167,158,159,179,150,121,134,115,100,95,115,86,77,45,76,46,51,45,48,39,37,25,31,28,26,22,12,20,13,4,10,4,5,3,1,0,1,2
부산광역시 동래구 사직제3동(2626060000),8599,8599,40,42,34,58,62,84,101,122,117,138,143,145,129,106,99,105,84,79,88,83,77,81,92,87,82,97,103,99,97,100,87,77,76,74,74,69,82,71,97,142,153,157,157,153,171,160,158,164,154,170,174,140,148,130,111,128,130,117,99,123,135,149,124,109,111,109,107,124,88,102,88,81,78,77,71,64,45,66,55,64,47,41,29,22,18,23,13,9,10,8,6,2,1,3,0,0,0,0,0,0,0,8746,8746,30,25,40,36,55,51,80,100,83,114,81,93,89,97,82,91,66,72,71,55,63,83,93,81,93,109,102,89,65,60,94,68,52,77,75,75,108,101,132,141,175,163,187,166,177,147,146,163,143,142,153,132,114,144,125,132,131,110,123,134,137,172,162,123,128,145,155,141,114,123,101,88,95,97,93,88,73,71,86,79,56,39,50,44,41,33,26,28,17,11,11,13,7,6,4,3,1,3,2,0,1
부산광역시 동래구 안락제1동(2626074000),7099,7099,38,21,27,35,31,37,57,50,41,60,51,44,50,52,50,48,46,60,50,61,61,59,80,74,83,121,92,93,80,99,91,82,84,88,82,77,84,60,106,92,90,95,119,91,102,89,101,102,96,106,136,107,108,116,117,125,105,114,109,133,153,145,146,130,142,126,133,116,105,121,99,79,92,95,83,72,61,58,49,69,46,43,43,37,25,22,13,11,7,6,6,1,3,2,0,1,1,0,0,0,0,7289,7289,20,21,24,28,36,31,38,43,36,49,46,41,43,45,36,51,37,47,41,52,51,60,61,72,72,72,66,90,98,85,89,80,74,72,74,64,63,70,87,80,94,103,91,93,75,79,90,97,127,101,95,106,126,107,127,121,134,152,107,157,162,176,163,148,175,161,177,146,121,130,105,117,92,92,91,86,78,74,64,76,61,44,68,38,34,22,31,32,18,22,14,14,12,5,5,3,1,0,2,2,0
부산광역시 동래구 안락제2동(2626075000),13137,13137,53,62,61,74,75,94,119,115,116,136,115,169,107,125,159,125,153,147,152,145,156,186,183,146,137,154,174,157,145,166,154,137,149,156,105,151,158,136,166,189,194,222,210,179,164,159,201,209,224,240,223,251,211,232,229,199,198,219,170,216,251,231,269,237,245,179,212,197,170,163,130,149,150,148,127,103,69,95,65,78,42,50,53,29,37,26,19,15,11,5,6,5,7,3,3,0,0,0,0,0,1,13868,13868,59,53,60,61,81,86,83,121,112,117,134,126,132,116,149,131,112,133,151,150,120,130,116,130,148,122,155,125,135,140,160,129,129,126,118,139,143,140,180,199,189,229,222,202,194,218,214,245,222,243,245,262,245,248,256,235,226,249,223,263,281,288,285,262,246,246,252,220,205,179,181,148,135,125,152,119,74,96,83,83,97,67,59,67,40,63,49,40,37,28,18,18,14,7,8,5,2,2,1,0,5
부산광역시 동래구 명장제1동(2626076100),6728,6728,29,21,30,38,50,56,56,66,58,57,55,57,47,47,46,35,44,40,50,63,64,65,73,72,73,72,91,96,92,80,89,60,80,67,47,64,82,95,98,104,127,113,118,102,71,76,91,92,100,115,89,115,114,98,107,91,95,126,100,123,120,143,136,128,143,118,128,123,106,101,92,76,87,91,80,63,53,59,48,43,44,34,39,22,20,17,14,11,2,0,5,0,3,2,4,0,0,0,0,0,1,7210,7210,24,33,37,30,46,70,59,64,45,54,51,55,55,45,56,58,51,47,57,49,58,64,68,71,49,71,71,70,79,84,70,54,76,71,65,57,77,82,100,135,115,89,101,94,76,87,83,86,102,85,119,121,112,96,142,138,127,135,117,152,152,155,153,148,166,148,151,143,116,124,106,94,101,82,94,69,49,67,35,63,43,46,30,41,25,32,30,23,19,21,11,9,7,3,7,3,4,1,1,1,2
부산광역시 동래구 명장제2동(2626076200),7172,7172,32,31,55,40,41,40,41,38,44,61,36,52,40,45,58,48,54,58,58,71,77,82,78,86,85,106,111,106,100,90,105,92,86,96,93,93,76,90,99,117,107,114,113,81,99,83,84,78,84,124,89,102,112,120,111,86,131,110,105,129,165,169,137,133,125,154,136,141,95,132,95,81,100,106,82,65,46,54,42,57,30,26,20,23,25,15,10,7,5,5,6,7,4,1,0,0,0,0,0,0,0,7562,7562,32,26,44,33,39,47,35,49,35,35,49,32,37,38,41,40,45,46,62,65,69,60,62,77,72,81,72,75,96,88,87,70,91,87,75,78,77,68,99,114,88,97,78,95,83,75,82,107,107,97,130,125,121,151,134,129,146,143,137,180,207,203,178,156,174,190,188,137,138,122,119,90,92,83,72,69,50,71,62,56,54,52,27,46,39,20,33,22,16,15,15,6,5,3,8,3,4,3,1,0,0
부산광역시 남구 (2629000000),127295,127295,427,500,604,689,812,865,1062,1090,1082,1129,1151,1154,1113,1088,1275,1088,1079,1149,1215,1261,1355,1731,1873,2033,2034,1977,1862,1751,1642,1594,1561,1373,1371,1300,1262,1329,1265,1396,1592,1811,1958,1990,2000,1929,1778,1790,1944,2222,2227,2301,2282,2251,2270,2261,2000,1936,1882,1949,1758,2033,2078,2169,2120,1995,1997,1928,1872,1826,1496,1593,1357,1321,1308,1298,1200,1098,826,917,858,1051,786,658,604,508,415,322,253,192,149,116,83,55,47,34,18,10,7,8,8,3,5,133329,133329,454,482,570,621,744,903,1013,980,1037,1137,1154,1120,1051,1021,1118,1022,1007,1033,1198,1254,1436,1854,1771,1675,1633,1626,1540,1498,1412,1450,1331,1190,1253,1169,1204,1244,1246,1335,1599,1763,2028,1977,2096,1854,1877,1874,1883,2098,2213,2181,2319,2361,2279,2299,2083,1944,2067,1955,1883,2194,2452,2586,2481,2298,2314,2305,2321,2056,1726,1905,1661,1585,1657,1595,1519,1268,1057,1238,1143,1302,1001,898,883,713,643,569,516,447,315,284,218,169,154,127,103,70,52,26,19,13,27
부산광역시 남구 대연제1동(2629051000),7964,7964,16,11,16,22,23,15,30,23,28,34,33,39,52,39,33,43,44,52,62,71,80,158,192,260,244,268,205,209,190,180,154,134,126,117,89,95,73,83,88,85,103,127,105,112,83,79,108,104,115,121,127,133,115,107,124,97,104,112,85,99,102,113,115,110,104,93,97,98,87,102,87,88,73,97,69,56,60,69,51,80,71,38,54,53,30,18,19,11,13,12,7,2,2,0,6,1,0,0,0,0,0,7791,7791,20,19,13,7,24,22,39,27,25,31,45,40,39,39,35,42,33,38,63,95,118,165,176,186,187,205,152,149,120,126,113,93,82,69,76,56,58,56,59,89,83,97,81,86,87,81,85,93,135,98,121,122,137,134,114,99,105,92,87,102,126,146,138,128,131,159,150,128,107,106,107,121,107,100,109,92,69,89,71,95,61,62,61,42,41,29,25,28,21,15,18,8,6,6,5,4,3,2,1,1,3
부산광역시 남구 대연제3동(2629053000),16050,16050,63,69,100,115,119,135,166,197,162,180,182,186,171,173,202,155,117,154,162,160,180,313,413,447,445,430,350,321,260,216,206,182,192,175,169,207,170,191,212,258,271,275,292,273,266,231,268,276,271,298,283,234,298,251,207,177,230,201,174,191,190,171,190,201,157,161,148,144,96,135,104,103,96,93,98,92,56,67,47,90,69,50,35,46,29,20,22,17,15,14,7,4,6,2,0,0,0,1,1,0,1,16649,16649,72,70,82,90,116,142,165,140,149,188,190,169,170,148,163,133,116,133,187,209,307,443,439,398,337,302,231,228,204,221,157,167,166,165,172,198,196,204,239,265,323,315,332,271,268,252,234,276,276,289,302,280,283,269,238,208,229,203,208,204,252,250,207,217,180,185,207,151,154,146,105,128,123,108,107,89,83,92,98,72,79,62,55,58,49,47,35,30,30,20,18,25,14,11,11,6,6,2,3,0,3
부산광역시 남구 대연제4동(2629054000),6012,6012,34,44,45,54,53,46,58,71,51,51,45,54,49,58,58,34,36,43,40,51,48,49,61,77,57,61,67,64,60,65,73,74,61,76,72,82,75,81,108,102,122,119,103,100,72,103,86,111,90,95,104,84,78,77,76,99,75,98,100,87,93,104,127,92,90,84,91,94,68,76,75,67,59,63,59,64,49,53,52,60,29,41,20,22,24,26,15,11,11,12,7,1,1,3,0,0,0,0,2,0,0,6281,6281,35,29,45,45,50,52,67,59,52,57,44,53,42,35,44,35,36,45,31,29,56,50,57,41,57,70,49,66,54,67,69,64,69,61,77,85,71,82,91,109,110,102,99,90,94,68,62,76,84,80,97,78,104,93,96,95,88,75,96,112,118,140,118,102,124,105,130,93,92,87,82,91,94,91,91,68,50,70,57,62,59,43,56,43,38,29,22,20,15,19,9,10,6,5,3,7,0,0,1,0,2
부산광역시 남구 대연제5동(2629055000),8155,8155,24,30,37,37,57,61,64,74,72,80,71,73,55,61,68,64,68,58,103,77,86,115,114,135,148,143,170,142,126,147,156,104,101,87,74,82,75,84,92,119,143,133,139,116,123,116,95,137,130,142,151,157,128,147,129,98,101,109,92,117,132,115,101,104,124,123,123,111,96,91,90,76,81,70,71,70,52,67,53,70,44,46,49,43,27,19,16,16,10,8,7,5,2,1,2,1,1,0,0,0,1,8850,8850,29,35,36,30,40,51,62,51,65,77,60,69,60,52,63,74,60,57,86,95,136,182,148,150,163,160,148,156,131,121,100,95,90,94,81,90,84,91,104,115,132,130,133,127,108,119,123,141,143,146,152,150,124,132,129,119,126,114,105,122,132,157,150,130,156,153,128,116,96,128,113,100,110,107,89,77,63,80,59,96,70,65,63,39,30,32,29,25,22,15,14,12,12,5,2,4,3,1,0,1,0
부산광역시 남구 대연제6동(2629056000),7343,7343,42,51,52,62,76,100,115,106,112,112,92,92,74,75,81,88,80,83,79,78,73,82,82,90,105,72,92,64,74,79,67,79,67,71,66,93,97,102,128,155,152,143,161,121,132,110,121,159,121,144,125,115,123,123,106,96,100,93,98,103,84,92,104,91,93,87,80,72,67,59,62,62,50,63,55,45,31,46,27,53,35,39,19,25,15,17,11,7,4,2,0,5,2,3,0,1,1,0,0,0,0,7924,7924,37,48,61,71,77,92,94,110,119,120,107,107,91,81,86,66,56,55,75,62,59,86,105,72,67,71,72,72,88,88,91,70,72,89,90,93,104,118,156,127,169,163,161,156,139,127,141,144,128,136,131,152,127,131,113,99,117,92,88,118,118,116,115,117,109,113,90,91,62,97,84,68,76,47,71,53,28,46,53,55,42,26,21,23,30,19,20,26,14,14,8,6,9,5,4,4,2,3,0,0,2
부산광역시 남구 용호제1동(2629057000),21145,21145,57,83,101,114,148,174,211,223,201,244,245,251,265,224,270,263,240,263,270,272,266,297,279,278,279,261,249,211,206,191,186,157,167,145,164,152,144,198,229,276,275,318,311,330,317,313,374,394,404,414,419,435,442,432,360,363,365,345,311,343,347,394,382,318,334,289,304,314,231,228,202,204,199,196,180,160,106,99,144,134,112,106,92,76,69,50,30,31,18,17,10,18,10,10,3,1,1,3,3,1,0,22956,22956,65,77,92,132,135,177,213,216,230,258,229,236,242,240,272,262,238,221,280,245,243,257,231,237,228,206,211,181,192,184,181,133,178,178,180,167,182,203,274,310,354,347,416,388,374,404,383,457,425,429,477,497,445,464,394,356,383,377,341,392,425,386,397,366,348,345,370,325,253,275,247,221,243,213,226,197,152,178,192,187,129,122,124,86,116,92,82,78,49,57,33,15,30,28,20,9,6,7,1,3,4
부산광역시 남구 용호제2동(2629058000),8169,8169,33,42,47,47,55,66,85,97,82,100,98,92,89,104,104,77,97,80,65,83,98,107,101,83,93,86,73,80,75,74,74,67,62,72,77,70,86,86,96,127,137,123,108,139,120,139,140,143,151,141,165,154,152,147,114,108,118,122,117,127,121,125,125,149,157,155,127,108,115,110,82,95,94,96,87,79,67,62,39,68,38,24,32,19,24,20,18,11,9,8,3,0,2,2,0,1,1,1,0,0,0,8535,8535,32,43,41,48,55,82,91,81,92,80,106,100,76,83,84,90,76,76,87,70,79,91,77,76,70,60,59,73,63,63,60,64,65,71,82,69,84,82,105,131,154,136,162,127,143,138,140,128,156,124,156,138,150,123,123,108,143,126,141,147,168,183,152,160,168,168,148,130,105,126,121,90,99,100,85,69,66,73,55,71,47,58,41,42,29,34,39,23,19,15,17,13,12,8,9,3,6,0,2,1,0
부산광역시 남구 용호제3동(2629059000),5881,5881,15,10,14,19,25,17,32,36,20,36,26,48,29,37,58,30,50,60,43,52,63,54,75,68,65,72,82,63,85,86,63,70,60,47,54,53,48,43,72,74,83,87,77,67,63,65,73,91,103,119,94,100,94,112,101,106,89,106,77,119,102,131,124,118,106,108,115,113,106,105,86,94,93,69,90,88,49,59,54,62,45,37,34,24,21,22,11,11,4,5,6,3,2,4,0,0,0,0,0,0,0,6291,6291,5,11,16,13,23,28,26,35,33,38,35,39,27,35,39,39,54,46,49,53,46,70,59,67,46,71,61,60,70,54,47,53,46,45,44,49,34,42,55,52,83,68,76,62,72,69,77,90,100,83,96,97,116,124,119,97,110,115,83,126,127,152,144,145,141,161,136,135,129,123,114,90,112,101,91,68,68,82,70,89,67,56,45,47,36,36,34,25,22,12,14,9,6,6,6,5,5,0,1,1,2
부산광역시 남구 용호제4동(2629060000),4089,4089,17,16,19,26,27,32,24,21,41,33,42,31,21,25,30,25,32,33,40,37,40,47,51,51,46,46,38,50,37,46,40,46,47,45,48,53,50,48,63,59,71,63,69,59,63,53,55,75,87,81,55,70,73,67,66,51,60,60,53,72,61,79,71,62,73,84,81,71,59,58,51,48,46,55,58,42,31,22,29,37,25,21,21,14,14,10,7,6,8,2,1,4,6,2,1,0,0,0,0,0,3,4398,4398,19,14,22,19,18,20,19,24,28,21,31,41,33,31,42,15,27,39,18,46,27,43,41,41,54,34,48,38,41,46,46,45,32,50,42,45,41,48,53,63,58,63,59,54,61,63,66,74,63,75,70,74,67,74,70,68,68,75,52,73,103,87,103,105,96,90,91,90,77,85,64,59,78,52,42,70,29,43,34,34,32,32,25,24,17,22,23,14,10,8,5,5,2,6,2,3,0,1,0,1,2
부산광역시 남구 용당동(2629061000),4108,4108,13,19,21,18,26,26,28,25,30,26,46,31,35,41,45,26,39,33,39,50,55,55,53,69,59,65,69,45,58,46,46,57,39,31,41,27,41,38,43,58,55,50,62,50,53,54,60,77,71,64,86,91,82,68,71,75,85,65,64,79,69,83,55,59,75,72,89,73,49,52,43,40,43,45,35,28,23,35,20,22,25,22,21,15,13,7,5,4,6,1,2,2,1,0,0,0,0,0,0,0,0,4072,4072,18,17,23,20,22,24,24,27,28,29,31,31,41,31,35,39,44,35,32,41,44,54,38,34,41,47,37,44,36,47,37,40,28,31,35,38,36,44,44,33,53,47,63,51,56,51,72,64,75,76,79,84,79,76,88,64,63,68,54,81,77,87,84,69,68,67,70,70,53,57,45,55,42,57,42,40,30,45,48,39,27,25,27,19,11,17,16,14,8,8,5,7,10,3,0,1,2,1,1,0,1
부산광역시 남구 감만제1동(2629062000),6554,6554,14,22,29,29,28,29,39,27,49,36,50,35,47,41,51,50,43,60,56,49,62,58,95,64,80,76,77,95,90,75,82,69,80,68,79,65,54,70,64,77,86,92,104,97,78,86,98,112,129,111,109,112,131,118,120,91,77,114,96,140,135,126,139,137,117,125,143,119,100,101,90,72,82,93,67,58,49,58,46,74,53,38,39,31,27,20,15,9,7,4,8,0,1,2,1,0,1,2,0,0,0,6277,6277,19,20,18,24,25,26,34,27,32,41,42,44,39,37,43,38,47,45,46,33,45,53,75,55,47,54,68,51,53,67,70,52,69,51,43,43,57,48,51,69,85,75,72,67,68,69,81,88,99,112,103,103,104,104,90,90,109,116,107,110,140,147,145,144,147,139,127,134,95,122,94,96,103,104,88,87,57,68,72,78,66,66,63,38,33,27,29,32,18,17,11,8,8,3,4,2,3,3,4,1,1
부산광역시 남구 감만제2동(2629063000),3295,3295,9,3,9,12,13,12,19,14,26,18,22,27,25,21,37,21,21,28,23,29,35,38,28,46,38,41,42,36,23,24,27,26,31,36,28,31,29,32,30,39,49,50,46,51,46,56,47,57,55,69,73,55,63,59,56,66,43,67,50,51,70,58,64,53,60,52,62,49,46,57,44,42,41,41,35,42,34,43,45,39,29,28,23,23,16,8,10,4,5,6,4,1,3,0,0,0,0,0,0,0,0,3425,3425,13,6,10,10,12,17,15,13,22,14,15,22,23,21,18,10,21,24,26,20,33,34,26,26,24,31,32,26,31,14,30,21,35,25,28,21,18,27,34,30,34,43,46,48,42,43,31,53,55,61,51,55,41,55,41,61,51,54,49,62,73,84,85,69,90,78,80,71,56,66,70,53,63,71,57,36,39,58,48,60,35,34,32,34,24,18,18,11,11,17,9,8,4,1,2,2,1,1,1,0,1
부산광역시 남구 우암동(2629064500),6282,6282,11,22,13,27,35,33,34,38,46,35,55,44,46,36,46,50,44,43,50,50,51,69,65,68,64,76,72,73,77,59,70,43,49,56,49,70,62,65,66,81,79,97,85,94,86,75,101,107,109,105,108,113,96,102,85,109,106,104,92,108,131,132,129,121,129,133,106,127,99,120,89,99,93,86,86,62,66,71,75,66,49,39,45,26,26,19,13,15,6,5,5,2,3,1,1,1,0,0,1,1,0,6465,6465,6,8,25,18,24,32,25,36,28,38,41,33,39,30,47,39,53,43,52,43,60,52,49,48,50,47,56,60,52,57,43,42,55,43,38,63,58,61,60,67,80,76,83,66,72,77,68,93,93,105,112,82,92,101,90,89,96,97,114,124,151,173,177,141,152,133,165,148,117,131,111,122,113,94,101,79,80,78,74,89,63,50,59,53,43,45,33,32,16,25,14,12,11,16,21,6,1,2,1,0,2
부산광역시 남구 문현제1동(2629068000),6546,6546,16,19,24,25,32,41,48,44,53,55,56,58,61,53,70,56,58,53,50,62,74,94,79,96,109,71,91,79,73,69,82,51,70,77,51,60,55,56,61,64,89,86,98,84,85,94,93,113,127,141,114,135,126,139,107,127,109,115,113,116,126,138,124,119,107,98,107,100,87,92,76,65,71,80,66,78,46,48,39,50,38,40,29,23,19,22,17,9,11,4,4,2,2,0,1,1,0,0,0,0,0,6882,6882,15,20,14,24,36,30,41,46,33,50,59,56,33,59,51,53,46,64,59,76,65,87,89,64,76,75,75,64,68,68,70,57,51,46,47,48,55,59,67,89,86,91,100,88,87,96,91,105,124,124,124,138,131,142,104,127,135,112,106,129,123,139,139,131,116,129,127,106,112,107,88,78,89,90,106,77,65,76,64,79,63,52,66,53,30,30,24,26,14,9,12,13,6,2,8,3,4,0,1,0,0
부산광역시 남구 문현제2동(2629069000),4187,4187,16,14,17,12,23,14,28,21,17,11,15,18,22,21,15,19,15,25,21,27,25,38,37,39,50,68,47,63,84,81,101,79,65,70,74,67,64,66,71,67,62,62,69,52,56,67,58,69,65,67,70,58,63,73,79,66,57,54,70,74,76,81,66,73,86,72,60,64,44,65,43,41,54,41,40,44,33,36,34,33,33,24,21,17,18,18,15,7,10,9,2,1,2,2,0,1,1,1,0,1,0,4304,4304,20,18,14,12,17,20,17,12,14,18,19,13,26,13,15,14,13,17,17,22,24,48,45,58,67,75,96,95,89,79,86,69,61,54,62,59,64,48,52,47,53,65,57,45,58,55,44,50,41,44,49,64,64,60,56,63,49,61,60,49,86,77,79,66,68,86,73,54,61,68,43,55,47,73,58,39,56,41,51,66,49,46,44,41,36,28,26,26,15,9,7,8,6,9,2,4,1,0,1,1,2
부산광역시 남구 문현제3동(2629070000),7545,7545,41,41,50,58,56,53,62,53,69,63,51,58,58,53,82,60,65,54,75,74,76,110,91,105,102,87,87,104,84,95,88,105,106,92,92,87,99,123,117,120,133,116,114,138,94,104,106,139,133,124,116,132,132,150,127,134,108,119,103,142,143,129,131,104,105,109,89,91,83,94,76,74,79,64,69,59,38,43,63,56,51,35,32,24,24,16,16,13,6,4,7,2,1,2,1,2,0,0,0,0,0,8031,8031,44,42,46,48,58,74,62,55,65,61,71,46,50,70,67,53,64,71,65,80,61,98,77,80,77,73,102,88,76,106,93,93,115,73,81,92,77,86,117,121,136,122,117,89,104,113,131,108,145,138,130,165,149,137,141,134,128,115,113,134,145,156,145,118,128,113,141,144,92,105,99,90,96,102,83,65,71,68,58,66,59,47,59,37,42,36,39,22,17,13,12,7,5,9,3,2,5,2,0,3,0
부산광역시 남구 문현제4동(2629071000),3970,3970,6,4,10,12,16,11,19,20,23,15,22,17,14,26,25,27,30,27,37,39,43,47,57,57,50,54,51,52,40,61,46,30,48,35,35,35,43,30,52,50,48,49,57,46,41,45,61,58,66,65,83,73,74,89,72,73,55,65,63,65,96,98,73,84,80,83,50,78,63,48,57,51,54,46,35,31,36,39,40,57,40,30,38,27,19,10,13,10,6,3,3,3,1,0,2,0,1,0,1,0,0,4198,4198,5,5,12,10,12,14,19,21,22,16,29,21,20,16,14,20,23,24,25,35,33,41,39,42,42,45,43,47,44,42,38,32,39,24,26,28,27,36,38,46,35,37,39,39,44,49,54,58,71,61,69,82,66,80,77,67,67,63,79,109,88,106,103,90,92,81,88,70,65,76,74,68,62,85,73,62,51,51,39,64,53,52,42,34,38,28,22,15,14,11,12,3,7,4,1,5,4,1,1,0,2
부산광역시 북구 (2632000000),139012,139012,669,649,737,812,936,1006,1142,1076,1057,1147,1154,1113,1058,1107,1123,1092,1186,1184,1288,1322,1503,1810,1767,1834,1860,1972,2027,2026,1933,1941,2031,1714,1830,1629,1553,1608,1613,1688,1850,1978,2048,2034,2083,1751,1910,1773,1893,1968,2074,2139,2240,2308,2363,2543,2342,2521,2490,2476,2473,2785,3010,3181,2763,2584,2488,2331,2258,2120,1599,1747,1424,1336,1251,1191,1072,1008,712,775,689,867,659,522,436,384,285,267,213,177,136,78,56,36,32,25,24,16,4,4,6,4,3,142737,142737,617,636,713,787,858,989,1032,1014,1020,1044,1012,1050,1004,1049,1110,964,1021,1060,1202,1198,1344,1565,1520,1563,1693,1669,1780,1708,1730,1820,1677,1616,1584,1568,1551,1497,1439,1448,1637,1819,2049,1961,1947,1775,1807,1689,1899,2067,2308,2367,2458,2567,2771,2913,2884,2732,2759,2800,2525,3013,3160,3243,2890,2644,2509,2344,2463,2184,1725,1768,1538,1403,1443,1388,1319,1171,789,952,891,1156,954,822,769,689,578,565,461,443,338,295,258,159,138,119,93,45,42,25,29,15,21
부산광역시 북구 구포제1동(2632051000),8082,8082,53,47,33,41,42,63,36,44,29,42,49,35,39,31,32,30,32,32,40,52,68,72,70,102,104,125,143,150,121,121,160,114,163,106,119,113,110,121,119,133,123,123,112,85,110,93,99,105,120,93,126,112,138,136,144,149,148,150,155,185,193,221,189,170,159,149,133,127,96,125,91,95,77,69,67,62,53,57,38,56,45,34,28,24,17,10,14,9,10,4,6,6,0,3,1,0,0,0,1,0,1,8022,8022,37,44,48,51,39,64,38,44,38,35,40,39,23,26,43,27,34,42,52,56,71,91,80,85,91,105,131,120,111,125,118,125,117,97,118,108,106,73,84,90,111,84,87,86,79,72,81,92,95,119,101,117,150,166,160,150,163,170,146,175,212,218,187,165,171,136,145,148,109,107,95,86,85,100,66,72,61,63,44,74,46,59,50,48,38,36,25,18,17,17,13,16,9,7,2,2,1,0,2,1,1
부산광역시 북구 구포제2동(2632052000),12860,12860,47,47,46,61,53,75,78,79,77,89,82,78,77,89,82,80,97,98,98,100,117,152,148,167,177,209,202,205,206,198,235,161,182,166,145,153,138,170,171,165,198,174,176,165,181,149,153,173,197,193,199,228,234,228,226,260,235,241,267,261,343,323,271,256,231,227,232,198,159,164,139,124,121,137,107,102,63,62,71,83,68,47,45,30,27,30,17,20,8,7,4,1,1,2,0,1,0,0,0,1,0,12297,12297,54,34,40,57,59,57,74,56,80,78,69,78,85,96,75,78,65,80,67,84,85,126,143,119,151,166,172,186,182,176,166,144,130,143,123,136,107,118,116,171,170,142,158,140,137,130,142,168,169,197,227,242,234,259,289,249,233,241,237,289,288,349,285,237,206,224,251,207,151,181,150,126,139,115,104,105,80,63,74,107,97,75,75,56,38,42,35,37,27,16,22,11,7,13,12,3,1,3,2,0,4
부산광역시 북구 구포제3동(2632052100),10074,10074,20,23,26,31,31,50,55,46,64,62,69,72,65,79,72,58,85,82,96,81,116,147,151,152,155,190,168,158,161,155,136,114,109,100,77,90,94,82,109,135,134,126,139,133,132,131,126,155,143,176,178,190,192,202,211,234,203,193,221,242,226,264,220,194,194,171,164,176,118,134,113,85,99,99,71,75,50,56,47,59,51,46,26,26,14,22,10,13,7,9,2,1,3,1,0,0,0,0,1,0,0,9472,9472,15,21,24,35,27,46,44,47,57,52,53,59,52,66,68,58,48,74,76,95,106,111,112,114,137,122,119,135,109,107,100,76,78,72,70,81,78,64,91,81,105,110,108,107,119,105,147,131,167,177,177,187,201,209,213,231,207,222,194,224,241,252,219,187,175,195,196,163,116,122,117,103,120,99,100,89,53,61,65,84,58,45,46,37,36,37,18,24,16,13,19,12,10,6,4,4,3,2,2,0,2
부산광역시 북구 금곡동(2632053000),18269,18269,77,64,93,81,105,93,124,113,131,112,151,128,121,141,151,125,152,152,192,196,195,220,212,239,226,221,215,219,264,236,207,202,208,200,175,193,175,190,195,234,239,226,231,205,204,213,229,273,284,282,303,338,321,332,326,318,322,351,337,416,416,467,424,378,383,355,313,311,238,282,208,192,190,160,167,173,124,108,106,150,93,91,86,77,53,59,48,49,26,15,14,7,9,3,8,5,0,3,0,0,0,19504,19504,62,56,67,85,84,107,107,116,109,130,121,129,122,142,147,123,137,147,171,160,201,197,168,188,222,193,194,190,207,196,184,184,157,171,158,143,154,155,189,194,228,227,231,199,192,214,265,293,301,323,353,342,354,401,412,380,409,419,343,442,423,461,395,380,339,320,343,327,245,229,254,222,225,222,228,210,152,200,196,264,212,195,162,177,124,140,115,104,85,82,62,28,22,28,14,5,8,3,2,4,2
부산광역시 북구 화명제1동(2632054100),20205,20205,124,118,138,177,188,228,265,237,234,238,225,207,197,214,202,220,221,230,234,267,258,352,308,298,296,271,273,274,254,226,271,238,212,234,225,237,234,253,271,281,320,322,321,249,318,279,275,276,302,286,346,340,318,376,358,389,384,382,358,392,470,441,407,328,300,251,259,249,155,173,124,109,127,99,107,94,67,66,54,77,53,45,28,17,21,17,14,8,11,1,4,2,4,0,0,2,0,0,0,0,0,21050,21050,125,141,152,160,184,218,227,226,216,206,190,214,224,202,240,192,212,186,226,195,248,276,243,251,268,215,271,236,233,264,254,258,252,256,283,249,240,252,299,314,352,350,349,313,315,307,305,311,398,397,400,402,490,494,470,418,431,434,384,427,425,398,328,326,281,252,222,194,166,167,149,134,112,104,106,90,56,64,58,68,66,66,58,40,43,36,33,36,23,16,28,11,8,12,8,3,10,3,2,1,2
부산광역시 북구 화명제2동(2632054200),8309,8309,29,53,41,61,76,57,78,67,67,82,73,66,77,48,68,62,68,73,84,75,88,124,130,127,129,140,136,143,118,138,131,113,126,92,91,113,94,97,114,130,105,94,114,101,110,93,96,117,110,120,126,126,137,145,140,169,148,172,162,177,184,185,157,141,148,128,124,111,91,75,74,76,55,64,55,48,39,37,44,42,45,21,24,24,13,15,11,11,11,1,3,2,1,2,1,1,1,1,0,0,2,8741,8741,38,39,48,54,54,51,79,75,53,67,67,48,66,67,62,67,68,62,74,98,77,100,107,118,92,101,138,99,119,126,118,112,95,99,110,103,88,92,82,100,121,123,105,94,89,104,110,124,137,152,175,183,184,179,209,191,192,185,165,204,174,177,141,152,129,141,128,107,95,100,70,85,72,55,89,54,49,61,45,78,55,41,40,37,44,29,26,23,24,20,18,11,11,5,5,2,2,4,1,0,2
부산광역시 북구 화명제3동(2632054300),14417,14417,70,70,96,86,122,127,150,171,153,159,165,188,161,202,211,228,212,192,188,199,210,229,230,215,205,190,214,175,164,148,176,128,182,146,106,131,147,128,179,163,194,209,243,211,222,218,260,233,268,317,280,283,274,308,262,261,258,247,225,228,229,252,184,182,154,156,145,117,108,136,110,110,102,81,84,62,49,62,72,71,48,43,46,39,35,24,21,23,14,16,6,5,6,4,2,0,1,0,1,0,0,15117,15117,67,70,65,79,115,131,152,150,178,162,164,179,160,168,178,161,179,178,209,183,192,209,178,192,192,168,147,137,176,173,173,136,156,160,144,144,147,152,180,227,243,254,272,244,289,270,268,323,324,315,326,328,316,326,306,266,236,238,203,228,225,219,201,156,191,152,188,146,120,124,105,115,110,117,112,100,79,75,69,89,83,60,63,61,42,52,34,28,21,22,16,13,17,8,4,3,4,1,3,2,1
부산광역시 북구 덕천제1동(2632055000),5479,5479,16,9,17,21,24,14,21,20,19,15,25,29,28,28,18,16,27,20,30,36,44,53,46,73,57,82,90,93,85,101,95,77,70,64,59,65,71,63,69,79,74,73,71,64,80,60,62,70,56,64,79,105,90,104,86,80,100,116,92,123,118,134,110,122,123,116,111,107,93,85,83,78,61,71,75,58,40,50,38,53,40,38,33,32,11,16,21,11,9,6,8,3,1,1,1,1,0,0,2,1,0,5624,5624,16,11,23,16,27,24,10,22,20,20,19,17,17,17,32,17,24,19,31,22,43,45,67,61,66,69,83,67,68,70,43,50,63,53,57,61,52,47,51,56,58,63,60,56,61,40,53,57,71,80,88,87,110,87,79,112,103,97,104,101,140,152,162,138,130,122,127,130,98,93,98,87,100,75,77,70,39,58,54,54,62,62,57,45,40,38,31,33,22,22,19,10,13,10,3,4,0,1,1,0,4
부산광역시 북구 덕천제2동(2632056000),5933,5933,15,16,14,17,24,20,29,24,25,22,21,29,15,24,22,26,28,39,38,36,60,67,66,71,90,89,108,112,114,117,138,90,106,80,92,72,78,81,68,76,81,78,73,59,80,75,66,68,86,81,99,99,114,127,91,102,124,111,84,107,136,152,135,116,113,115,119,119,75,94,76,69,53,63,48,54,36,40,39,43,38,26,24,22,21,10,7,3,7,4,1,1,3,1,1,2,2,0,0,1,0,6003,6003,16,15,20,12,16,24,20,20,23,28,31,29,20,15,29,17,31,38,33,39,47,48,72,84,99,106,93,91,92,99,81,81,72,49,55,49,54,50,62,54,79,71,53,54,66,46,73,77,66,81,82,112,98,103,104,105,112,132,121,138,144,135,144,148,137,126,135,134,84,98,79,86,70,78,66,72,39,55,55,60,49,26,51,37,36,27,28,28,20,16,15,6,9,5,6,2,2,2,5,1,0
부산광역시 북구 덕천제3동(2632056100),5238,5238,8,13,16,13,18,22,21,25,32,35,39,29,31,32,33,26,33,35,38,33,56,50,72,53,68,80,70,94,81,81,75,63,54,51,56,45,60,53,53,80,64,89,83,73,73,69,81,85,74,82,80,84,88,106,83,100,80,90,97,110,110,106,122,120,93,107,105,94,64,73,74,70,56,71,56,44,42,42,45,55,29,30,19,18,15,12,18,5,11,6,1,3,2,0,2,0,0,0,0,0,0,5479,5479,11,10,12,14,17,17,28,21,26,25,34,29,27,34,25,25,22,20,35,33,51,55,49,52,70,79,76,72,66,55,56,62,46,57,35,39,38,49,37,70,69,56,58,69,43,51,56,68,81,85,82,93,98,107,87,100,87,102,79,122,118,121,131,120,114,111,124,109,98,119,87,74,106,95,81,66,47,59,57,66,67,44,41,26,34,42,32,30,27,22,8,8,4,5,3,3,2,3,2,1,0
부산광역시 북구 만덕제1동(2632057100),8177,8177,92,90,74,74,68,75,75,58,49,63,65,49,53,45,59,41,57,49,64,63,63,83,78,70,72,85,92,112,95,121,143,156,161,152,151,144,147,166,158,186,126,165,144,119,121,107,111,84,102,107,112,94,106,105,99,111,142,111,120,150,156,163,143,148,144,138,152,129,98,103,81,89,79,82,61,55,42,47,40,47,31,30,16,23,12,10,10,6,4,0,1,1,0,0,2,0,0,0,0,0,0,8467,8467,75,79,80,76,79,64,61,63,58,51,52,46,49,51,34,44,41,60,38,69,63,81,61,75,87,72,96,108,116,140,143,149,156,155,149,129,119,130,135,148,167,136,124,114,102,97,94,107,101,84,111,120,115,150,147,138,147,142,162,182,193,188,165,172,138,139,145,125,95,121,101,81,74,91,82,57,33,45,40,56,44,44,31,27,25,21,27,21,13,7,11,6,10,2,9,1,0,1,2,2,0
부산광역시 북구 만덕제2동(2632057200),12925,12925,74,65,88,98,117,125,139,132,106,146,124,122,122,112,119,120,109,107,115,115,150,132,140,155,159,153,194,161,138,176,151,155,152,132,128,168,160,177,202,196,248,198,229,185,171,186,200,203,207,209,192,181,214,230,192,214,207,187,186,218,241,265,206,237,245,239,229,192,164,167,143,121,122,121,100,109,64,91,43,71,64,38,34,24,25,26,12,7,10,6,1,1,2,7,4,1,0,0,1,1,0,13412,13412,75,80,90,104,113,112,130,108,109,117,113,124,96,106,118,103,114,100,113,107,87,141,144,128,134,146,141,154,148,150,131,152,170,151,136,158,161,159,193,185,215,207,206,190,213,163,193,194,249,198,197,207,240,258,217,234,232,222,190,278,289,304,289,259,261,215,251,216,193,175,142,120,123,129,112,106,52,85,85,80,70,61,62,46,39,38,32,38,29,24,18,10,11,10,15,8,6,2,2,1,0
부산광역시 북구 만덕제3동(2632057300),9044,9044,44,34,55,51,68,57,71,60,71,82,66,81,72,62,54,60,65,75,71,69,78,129,116,112,122,137,122,130,132,123,113,103,105,106,129,84,105,107,142,120,142,157,147,102,108,100,135,126,125,129,120,128,137,144,124,134,139,125,169,176,188,208,195,192,201,179,172,190,140,136,108,118,109,74,74,72,43,57,52,60,54,33,27,28,21,16,10,12,8,3,5,3,0,1,2,3,0,0,0,0,0,9549,9549,26,36,44,44,44,74,62,66,53,73,59,59,63,59,59,52,46,54,77,57,73,85,96,96,84,127,119,113,103,139,110,87,92,105,113,97,95,107,118,129,131,138,136,109,102,90,112,122,149,159,139,147,181,174,191,158,207,196,197,203,288,269,243,204,237,211,208,178,155,132,91,84,107,108,96,80,49,63,49,76,45,44,33,52,39,27,25,23,14,18,9,17,7,8,8,5,3,0,3,2,3
부산광역시 해운대구 (2635000000),189702,189702,788,903,1069,1151,1294,1450,1705,1716,1744,1982,1846,1907,1801,1820,1983,1841,1782,1844,2064,1958,2259,2466,2424,2368,2385,2487,2432,2444,2443,2355,2326,2022,2143,1983,1930,1953,2122,2183,2448,2759,2979,3013,3040,2784,2942,2836,2946,3167,3132,3517,3573,3612,3515,3522,3209,3047,3065,2989,3003,3307,3313,3455,3184,3013,2993,2835,2804,2611,2094,2135,1776,1667,1659,1670,1569,1319,1024,1193,1007,1134,910,806,728,613,526,438,338,301,225,158,117,81,70,52,35,22,9,10,4,9,17,205090,205090,745,874,968,1112,1224,1392,1599,1627,1598,1769,1741,1762,1685,1770,1929,1690,1716,1832,1875,1783,1935,2179,2135,2163,2228,2317,2275,2332,2232,2359,2195,2040,2023,2128,2071,2136,2206,2299,2662,2969,3176,3308,3473,2949,3110,2939,3296,3525,3755,3705,4022,3945,3806,3888,3689,3243,3506,3403,3259,3557,3763,3939,3551,3350,3314,3112,3270,2743,2409,2578,2057,1945,2081,2067,1925,1574,1263,1439,1404,1651,1447,1225,1171,1035,973,855,734,615,518,461,341,262,230,189,166,102,59,46,31,28,38
부산광역시 해운대구 우제1동(2635051000),10600,10600,46,44,55,49,55,54,70,62,86,85,73,69,80,71,85,54,83,69,96,73,104,122,142,137,121,155,145,153,176,155,166,152,152,126,140,124,129,129,155,151,168,146,168,137,163,145,130,156,163,196,191,183,190,202,164,178,157,162,168,194,177,201,194,161,183,160,169,167,122,145,117,108,125,134,114,95,74,92,62,70,69,59,55,36,35,27,24,21,17,10,7,5,2,2,2,2,1,1,0,0,1,11714,11714,40,58,42,58,57,83,62,62,67,70,80,66,73,72,74,73,71,75,70,98,86,121,146,140,150,162,160,153,179,180,141,141,134,142,113,126,140,147,131,170,165,174,161,158,143,138,160,178,211,217,245,197,199,216,198,190,183,186,198,230,199,244,227,196,225,195,226,168,162,173,134,125,149,136,143,103,69,96,86,112,72,66,68,58,58,54,39,28,28,24,19,17,18,9,13,7,3,0,2,2,1
부산광역시 해운대구 우제2동(2635052000),14507,14507,76,97,111,140,155,161,165,174,176,179,170,139,163,147,177,166,141,151,162,161,166,201,196,180,185,168,164,150,154,124,138,108,118,152,128,161,177,192,207,240,236,255,251,207,240,201,202,244,252,260,281,299,268,273,254,240,241,254,198,242,237,240,219,195,223,188,169,176,119,148,124,108,117,123,115,87,74,93,64,75,65,52,57,37,44,21,33,32,17,11,5,4,8,3,2,1,1,1,0,0,1,16011,16011,75,87,104,127,144,134,168,154,150,171,138,137,151,156,151,122,144,173,144,167,186,177,170,152,153,163,154,148,143,150,163,153,140,198,190,193,190,205,249,277,282,284,292,229,252,245,265,324,315,341,331,303,336,324,281,241,258,246,241,251,263,279,251,230,197,224,210,199,158,159,143,132,136,119,134,120,90,91,87,97,92,85,73,70,62,54,48,41,30,26,16,22,18,16,13,11,9,4,3,3,4
부산광역시 해운대구 우제3동(2635052500),13537,13537,73,91,125,114,137,161,191,196,191,203,178,175,167,161,157,155,142,149,160,133,166,151,164,161,128,134,123,125,123,114,126,122,105,102,133,130,133,154,184,230,237,228,261,226,211,232,226,224,239,239,248,218,253,212,232,203,188,173,217,218,219,238,214,207,217,185,198,157,125,137,110,122,89,104,95,105,74,71,60,63,65,51,53,48,34,39,21,25,14,11,7,7,5,5,3,0,1,2,0,2,2,15115,15115,75,85,97,114,135,152,194,181,176,191,168,174,158,151,168,179,137,152,152,128,119,149,121,135,128,117,130,127,111,113,128,123,145,158,166,193,209,201,276,273,286,323,302,231,249,224,284,256,293,255,291,310,278,261,251,250,203,267,230,241,288,266,251,216,233,195,189,169,174,153,131,107,127,143,95,89,81,75,77,80,75,68,65,53,54,52,45,34,31,29,17,15,18,7,12,11,6,5,1,2,2
부산광역시 해운대구 중제1동(2635053000),13397,13397,70,89,91,93,113,118,156,144,134,152,129,125,107,147,131,140,121,151,125,135,147,159,172,162,168,168,184,200,182,171,161,156,154,140,154,152,163,175,182,223,258,224,222,201,236,207,231,223,209,251,252,274,283,265,234,190,228,209,214,208,200,213,189,210,179,156,160,132,127,146,96,100,88,103,105,68,57,82,70,73,58,61,49,49,32,26,23,23,18,8,14,4,5,2,3,1,1,1,0,1,1,14509,14509,55,80,83,92,110,118,133,125,113,135,133,119,114,126,146,110,104,99,149,135,134,169,164,174,145,185,156,184,192,170,160,178,152,179,187,183,168,194,213,251,253,237,282,222,245,244,263,266,289,273,300,284,275,299,240,220,236,232,226,221,231,227,218,223,202,180,197,172,131,156,110,113,120,122,112,107,77,89,90,92,90,67,72,55,66,64,38,26,34,23,20,14,10,12,12,3,5,0,2,1,2
부산광역시 해운대구 중제2동(2635054000),7589,7589,38,36,57,67,57,61,59,69,68,76,73,85,66,52,75,57,48,61,60,58,70,88,75,66,85,94,91,80,81,104,104,80,90,82,92,101,122,117,132,121,163,174,146,126,105,106,120,128,115,148,170,153,128,138,113,110,103,128,126,129,121,125,142,127,120,130,130,116,91,70,70,61,55,45,63,48,43,41,46,33,39,26,24,16,19,14,13,7,3,2,3,2,4,5,2,1,0,1,1,1,2,8298,8298,40,53,57,48,53,83,85,74,66,65,53,63,45,57,51,52,50,66,54,56,67,69,64,71,74,73,87,102,83,103,96,101,91,118,102,122,111,108,124,140,160,145,143,136,123,133,122,141,141,133,179,156,134,144,150,136,159,133,134,170,179,175,166,153,131,141,129,122,103,91,69,77,69,84,77,61,52,48,42,53,46,45,31,17,30,30,17,12,16,16,16,15,5,6,7,3,2,3,3,2,5
부산광역시 해운대구 좌제1동(2635055100),8373,8373,31,32,34,46,43,57,76,73,69,113,92,96,80,105,97,114,114,108,121,96,103,147,127,136,156,100,120,135,106,120,119,106,98,103,82,94,94,78,102,112,110,119,113,114,102,127,144,144,161,175,195,177,221,182,142,127,134,128,131,123,143,117,101,101,115,93,107,84,55,55,44,55,49,47,33,48,33,36,35,46,40,34,19,30,29,27,20,14,10,11,12,6,11,2,2,3,0,0,0,1,1,9666,9666,23,29,47,29,46,73,62,83,76,107,85,80,103,86,126,83,84,96,86,97,104,116,137,155,171,146,146,171,137,141,152,111,98,94,84,103,115,106,133,135,146,161,159,141,181,158,171,196,199,215,220,199,191,198,176,119,159,150,135,134,131,143,130,116,117,92,90,87,69,66,68,74,54,80,68,64,58,55,58,81,75,73,58,44,42,35,48,33,21,20,17,6,12,6,6,1,1,0,1,1,1
부산광역시 해운대구 좌제2동(2635055200),14730,14730,75,75,102,77,91,122,125,111,119,121,128,131,116,131,155,136,133,145,158,161,200,211,205,216,214,245,235,261,250,284,245,202,232,185,227,191,213,189,200,219,227,212,213,186,216,201,197,217,226,263,252,284,234,239,243,257,257,224,239,274,271,260,214,226,209,198,192,168,125,125,91,84,75,107,79,100,58,69,75,68,63,49,64,57,34,37,36,23,14,18,14,12,5,4,2,3,1,1,0,1,1,17226,17226,65,72,77,81,87,105,113,104,120,122,127,136,105,130,152,140,134,136,152,144,178,170,223,258,290,279,310,305,270,324,263,226,240,261,214,211,209,209,243,227,256,260,270,233,264,234,268,295,285,317,358,349,341,313,360,291,327,289,270,281,282,280,265,234,213,205,226,162,162,163,102,121,148,139,125,112,102,88,99,118,116,83,90,77,60,65,56,53,47,47,35,25,16,11,7,6,3,6,2,2,0
부산광역시 해운대구 좌제3동(2635055300),7558,7558,40,22,40,48,41,56,70,63,63,70,85,80,61,96,91,88,94,90,106,97,126,97,108,98,97,104,111,97,93,97,83,81,79,65,80,74,63,69,88,104,95,121,89,82,98,104,93,112,121,153,134,152,145,168,131,120,129,131,116,132,131,146,122,113,116,93,117,101,84,70,64,54,60,68,51,48,38,47,42,35,36,51,34,39,36,30,16,16,14,13,8,6,6,4,4,1,1,1,0,0,1,8515,8515,33,30,27,53,43,55,67,68,71,62,82,81,76,69,82,68,91,96,102,83,77,101,86,86,77,70,86,75,92,93,84,91,78,88,75,64,78,72,102,112,106,133,140,96,128,107,129,142,170,176,168,170,186,176,144,139,164,149,150,145,139,162,155,143,146,127,116,95,77,90,109,67,58,94,75,63,49,68,74,90,61,61,74,73,54,43,31,37,28,30,19,20,12,9,9,4,3,2,2,1,1
부산광역시 해운대구 좌제4동(2635055400),10932,10932,43,54,62,66,90,86,116,120,105,150,110,145,145,142,166,131,144,135,168,165,159,177,167,146,119,165,145,137,130,109,126,132,117,120,102,94,105,104,106,143,141,156,163,165,164,170,173,160,185,207,258,251,212,208,203,167,177,182,181,182,176,179,156,165,162,158,124,104,104,79,65,67,74,55,61,55,47,46,52,50,42,43,49,29,29,25,17,18,18,10,5,6,3,5,1,0,0,0,0,0,2,12119,12119,43,48,57,76,70,73,98,94,108,114,121,129,140,146,156,141,146,162,140,128,151,145,131,144,144,133,130,123,111,146,140,118,131,125,118,114,107,125,136,158,183,189,222,221,197,192,224,235,255,263,255,277,270,264,202,198,213,205,191,204,184,214,147,174,158,136,135,105,106,106,84,74,94,93,90,83,68,70,72,79,69,58,68,61,56,45,40,29,32,24,22,14,13,9,12,3,3,2,1,5,1
부산광역시 해운대구 송정동(2635056000),4784,4784,20,27,19,14,18,25,23,35,42,36,29,25,32,25,19,28,21,23,35,28,38,39,47,57,67,58,64,76,77,85,52,78,80,55,50,55,57,61,70,72,89,79,75,67,63,63,59,75,69,73,83,74,75,97,73,73,70,73,82,73,95,100,99,96,83,93,90,89,77,87,64,56,50,50,64,32,24,50,38,31,25,26,25,17,13,16,11,16,3,5,3,4,1,2,0,0,0,0,1,1,0,5135,5135,22,19,14,23,25,23,18,24,20,29,19,26,18,21,24,23,18,22,22,25,36,33,50,40,47,47,64,60,62,72,55,55,51,52,51,54,56,54,52,60,81,74,69,43,51,52,61,54,70,81,67,88,98,93,99,93,91,90,95,96,145,127,104,120,120,116,115,96,87,98,64,67,68,77,58,50,43,48,41,62,49,42,32,43,51,27,30,33,14,15,18,4,7,10,7,8,1,1,1,2,2
부산광역시 해운대구 반여제1동(2635057000),16868,16868,68,78,82,111,110,135,153,159,166,171,171,222,178,208,208,212,201,210,245,225,269,268,265,220,221,204,188,192,193,169,185,150,164,151,149,148,153,175,198,192,242,249,243,236,260,259,290,308,310,327,367,338,316,346,296,300,292,260,270,307,287,314,287,266,227,239,214,215,178,181,157,128,138,136,145,95,80,79,67,87,54,46,59,35,33,27,28,20,24,9,5,8,6,5,2,3,0,0,0,1,0,17390,17390,70,88,80,109,98,111,137,139,153,170,187,179,166,186,216,194,208,188,201,190,205,214,206,156,195,209,164,190,153,158,152,145,165,148,174,175,195,177,197,250,241,288,327,260,307,300,338,372,365,332,381,372,330,340,306,280,297,282,267,312,297,318,276,267,244,233,235,185,184,208,179,149,172,132,128,104,74,89,95,112,96,68,88,70,58,59,49,49,33,40,18,24,11,18,13,8,5,2,2,0,3
부산광역시 해운대구 반여제2동(2635058000),6122,6122,18,25,26,20,24,23,19,17,17,23,29,26,29,19,18,26,26,29,53,48,55,63,59,77,72,89,87,89,93,72,78,75,92,86,61,89,82,76,90,78,99,75,85,86,85,78,86,101,92,118,100,90,124,117,98,111,115,99,108,117,135,143,125,116,106,135,121,106,95,76,86,79,74,85,70,70,48,58,49,63,35,36,29,23,23,22,8,7,15,8,5,2,2,1,2,1,0,1,0,0,0,6482,6482,20,22,24,27,24,24,27,29,19,24,20,18,18,29,26,29,31,33,35,30,41,67,49,56,61,63,72,60,76,51,71,62,82,55,56,65,66,55,58,71,67,72,66,71,67,58,65,83,106,88,111,124,107,138,119,110,114,128,115,119,151,152,146,149,146,148,155,128,102,125,105,100,101,107,100,79,69,81,81,83,82,60,58,52,50,47,34,22,24,21,18,7,6,9,2,1,2,3,0,0,2
부산광역시 해운대구 반여제3동(2635059000),4148,4148,2,9,7,5,14,14,14,12,13,20,16,23,22,16,17,27,26,21,33,36,41,51,43,49,48,55,51,58,57,61,49,49,45,48,35,49,31,37,37,74,44,49,60,47,44,45,50,75,50,84,75,68,75,101,69,87,68,76,86,97,88,89,98,77,105,97,75,81,70,60,55,44,66,48,53,47,29,41,37,50,31,35,19,20,17,15,12,8,4,4,1,2,3,0,2,0,0,0,0,0,0,4342,4342,8,4,8,6,8,6,11,12,3,15,15,18,15,20,23,16,22,23,32,28,42,48,34,47,43,53,31,41,26,41,35,31,26,17,29,26,23,25,35,47,43,46,42,47,34,42,45,56,66,60,78,71,81,81,90,77,67,83,92,92,108,121,122,97,115,86,116,100,86,92,73,81,69,64,67,51,42,55,64,66,53,64,48,43,26,25,31,20,15,17,8,4,10,6,5,5,0,1,0,0,0
부산광역시 해운대구 반여제4동(2635059500),7913,7913,48,45,51,64,61,61,82,62,77,76,73,83,78,76,85,64,68,65,91,85,98,96,120,97,118,105,116,91,102,79,106,81,107,88,68,84,98,104,87,127,140,145,136,121,143,102,115,124,129,129,143,118,131,129,137,132,115,152,136,154,141,155,138,137,121,131,124,124,87,87,75,80,68,73,59,55,35,40,31,30,31,24,12,14,11,8,7,5,4,1,0,1,1,4,0,1,0,0,0,0,0,8086,8086,33,40,59,45,58,53,67,72,68,74,74,87,72,52,89,60,75,81,78,72,87,85,91,74,85,92,88,89,88,99,84,77,85,79,94,85,91,83,135,124,119,120,126,101,120,111,122,136,150,150,153,160,158,172,175,141,157,145,130,149,165,180,157,145,124,141,150,110,99,92,67,69,77,65,53,46,33,31,37,42,47,35,30,21,24,20,20,19,18,12,9,6,8,4,3,4,0,2,1,0,1
부산광역시 해운대구 반송제1동(2635061000),6879,6879,11,12,17,9,12,17,17,23,19,23,31,20,20,29,30,31,36,32,56,58,62,85,80,82,93,91,100,80,92,75,91,55,67,55,53,52,58,71,80,75,75,92,83,77,89,96,71,115,101,126,125,141,146,128,126,137,134,133,140,146,148,169,170,119,135,133,148,137,110,132,102,101,97,108,92,61,61,69,64,85,77,57,38,43,37,28,27,18,9,7,4,4,3,1,2,0,0,1,0,0,1,6844,6844,17,12,12,14,13,14,21,22,21,28,25,25,30,21,35,30,22,44,51,46,56,64,59,59,61,71,71,72,84,61,47,35,41,45,42,39,33,40,49,47,61,71,64,54,56,62,74,88,88,89,93,132,114,109,133,99,126,142,113,134,166,150,139,159,149,141,155,145,139,120,123,111,150,135,141,101,97,113,115,124,113,81,80,80,56,39,39,47,40,33,15,13,16,12,7,4,4,3,3,1,4
부산광역시 해운대구 반송제2동(2635062000),11232,11232,17,29,25,44,38,55,48,56,51,65,69,64,75,57,68,58,69,82,80,91,119,118,111,111,121,137,137,143,148,120,96,94,108,106,84,75,99,99,119,111,149,116,156,151,170,147,188,185,186,178,197,213,156,190,201,182,194,183,190,239,271,287,261,240,269,235,260,237,182,212,172,162,163,135,148,126,102,113,100,119,97,77,69,51,39,33,17,25,17,14,8,3,1,5,5,3,2,0,1,1,2,11874,11874,13,24,38,27,42,49,46,40,47,53,53,54,47,63,57,61,67,65,88,78,91,134,81,98,92,97,91,90,104,104,99,83,73,81,71,68,78,84,90,91,124,97,132,121,118,130,129,145,161,172,172,164,172,208,214,189,241,223,183,253,294,305,271,242,289,268,298,258,224,285,234,204,215,215,213,154,128,173,142,189,155,135,107,118,117,87,85,65,48,30,40,26,27,22,18,10,6,8,2,3,4
부산광역시 해운대구 재송제1동(2635065000),18512,18512,81,100,116,133,176,193,247,279,265,334,304,293,285,252,283,253,224,225,227,195,211,253,207,238,200,228,172,192,190,233,186,167,169,181,170,173,209,215,267,325,341,362,359,351,384,388,378,376,346,363,330,367,357,311,282,245,244,230,217,227,233,241,214,231,211,203,193,209,158,156,142,120,140,127,112,99,89,92,67,81,55,38,39,36,31,30,11,7,14,7,6,3,3,0,0,2,1,0,1,0,1,19160,19160,80,88,102,144,160,177,221,276,249,246,283,272,276,290,258,202,213,219,215,184,172,191,200,205,188,204,202,191,171,197,177,193,153,175,191,205,231,285,299,364,424,455,456,441,390,354,394,382,394,340,375,352,310,303,303,227,238,230,231,256,270,304,267,222,234,223,250,216,161,195,142,138,141,139,123,90,65,86,80,83,63,51,66,34,57,44,41,34,29,23,18,15,13,8,12,7,4,2,2,1,3
부산광역시 해운대구 재송제2동(2635066000),12021,12021,31,38,49,51,59,51,74,61,83,85,86,106,97,86,121,101,91,98,88,113,125,140,136,135,172,187,199,185,196,183,215,134,166,138,122,107,136,138,144,162,165,211,217,204,169,165,193,200,178,227,172,212,201,216,211,188,219,192,184,245,240,238,241,226,212,208,213,208,185,169,142,138,131,122,110,80,58,74,48,75,28,41,34,33,30,13,14,16,10,9,10,2,1,2,1,0,0,0,0,0,1,12604,12604,33,35,40,39,51,59,69,68,71,93,78,98,78,95,95,107,99,102,104,94,103,126,123,113,124,153,133,151,150,156,148,117,138,113,114,110,106,129,140,172,179,179,220,144,185,155,182,176,197,203,245,237,226,249,248,243,273,223,258,269,271,292,259,264,271,261,278,226,185,206,120,136,133,123,123,97,66,83,64,88,93,83,63,66,52,65,43,33,30,31,16,15,10,15,8,6,2,2,3,2,2
부산광역시 사하구 (2638000000),152207,152207,588,691,677,776,948,993,1142,1146,1106,1277,1235,1238,1146,1240,1296,1164,1103,1266,1415,1489,1634,1970,2008,2048,2086,2189,2151,2098,2113,2036,1939,1869,1822,1742,1641,1652,1789,1802,2081,2203,2470,2407,2379,2114,2118,2060,2103,2281,2525,2501,2597,2711,2629,2702,2559,2544,2466,2572,2395,2831,3032,3133,2734,2707,2730,2548,2526,2377,1946,2040,1668,1570,1566,1459,1338,1250,913,991,827,1047,753,593,572,480,374,307,237,191,148,106,74,58,38,40,22,16,9,7,3,2,2,153891,153891,551,621,644,786,860,968,1079,1023,1042,1266,1222,1196,1051,1141,1217,1091,1122,1208,1262,1329,1479,1771,1772,1760,1897,1705,1790,1718,1796,1866,1701,1541,1502,1497,1444,1461,1595,1618,1857,2078,2250,2235,2123,1919,2014,1927,2117,2306,2415,2477,2552,2743,2775,2848,2686,2592,2652,2645,2493,2987,3196,3437,3188,2884,2900,2747,2805,2491,2142,2206,1825,1697,1683,1726,1660,1432,994,1263,1073,1302,1115,894,929,800,714,632,522,488,377,326,249,198,197,151,125,65,56,42,30,26,21
부산광역시 사하구 괴정제1동(2638051000),9278,9278,36,29,41,43,54,53,62,64,56,74,75,69,60,75,79,75,68,91,89,97,121,100,106,104,127,106,121,115,123,107,104,90,128,107,106,83,128,108,115,134,144,134,98,126,133,110,106,134,156,145,134,152,140,165,168,134,137,158,146,172,177,177,173,175,184,151,152,152,120,149,134,111,103,106,95,96,76,97,91,92,66,42,48,45,31,27,21,16,14,13,10,7,5,2,2,2,1,0,0,0,0,10058,10058,36,27,35,39,39,46,51,53,61,75,73,68,62,60,79,69,66,87,84,85,76,94,100,104,109,97,104,95,114,127,106,92,97,85,76,83,106,108,104,127,128,133,127,139,114,120,137,118,155,148,174,174,199,200,186,169,146,183,151,206,218,218,219,180,187,209,187,195,158,152,125,123,133,149,130,111,81,95,69,99,96,67,82,68,74,58,41,53,33,29,28,24,12,11,8,5,6,4,6,4,5
부산광역시 사하구 괴정제2동(2638052000),7357,7357,29,37,33,35,48,58,58,60,55,72,68,63,45,47,62,56,52,58,70,59,82,89,86,74,94,81,83,80,93,87,78,99,80,77,74,82,94,86,78,92,126,120,119,115,123,107,101,110,131,136,130,125,138,135,101,113,116,115,89,108,154,135,119,123,140,124,141,125,101,108,84,103,96,81,94,62,63,64,46,62,39,33,34,23,27,20,13,12,5,5,0,2,4,0,3,0,0,0,0,0,0,7711,7711,26,26,31,43,37,52,62,74,51,62,61,78,52,66,59,56,52,49,66,76,70,81,80,75,85,86,82,78,62,84,66,67,76,73,66,51,75,79,97,105,106,120,118,102,121,105,103,128,106,119,122,130,127,116,124,109,133,119,109,114,137,156,162,139,149,144,171,158,126,135,118,103,86,109,101,77,52,77,61,73,64,55,48,41,34,34,28,31,17,14,11,11,13,11,6,5,2,1,0,3,0
부산광역시 사하구 괴정제3동(2638053000),5871,5871,16,18,24,18,27,33,23,30,27,31,38,37,33,25,42,31,31,37,46,50,53,67,70,64,68,67,75,92,79,70,76,77,90,70,77,58,73,80,69,73,91,84,92,71,77,73,62,88,90,92,89,106,105,93,105,96,88,91,89,121,123,125,93,114,134,111,126,128,92,96,68,68,75,74,84,61,36,51,43,67,56,27,33,24,21,21,9,9,11,5,4,2,6,4,0,1,0,1,0,0,0,6417,6417,21,14,7,28,16,30,28,25,26,29,24,38,25,34,29,26,41,45,40,39,57,69,54,67,64,61,73,58,80,76,75,73,66,50,66,60,68,58,77,67,59,76,62,62,67,56,73,74,95,92,94,109,96,131,94,99,96,115,107,121,145,154,186,157,137,139,159,150,111,119,106,101,110,80,87,81,63,83,62,79,69,47,52,45,38,36,31,34,25,17,11,6,10,6,7,2,4,5,0,1,0
부산광역시 사하구 괴정제4동(2638054000),5906,5906,18,22,22,34,41,43,42,58,48,41,48,42,35,47,38,52,43,51,44,52,68,61,69,74,86,86,90,72,80,81,68,60,59,54,60,56,73,68,75,88,83,94,85,76,75,89,98,70,102,94,113,81,95,108,89,81,81,96,92,107,122,131,109,95,111,100,108,98,87,76,77,79,81,78,64,68,33,40,38,39,48,23,28,34,18,14,14,13,9,3,3,1,1,4,0,0,0,0,0,1,0,6229,6229,19,20,23,29,29,45,52,46,24,40,36,51,42,47,59,47,30,55,46,56,48,61,63,55,78,54,52,81,69,66,62,60,61,52,51,58,59,53,80,83,81,84,101,79,77,85,79,92,105,103,112,122,110,108,103,97,106,90,79,117,139,144,145,137,112,114,128,125,123,110,79,72,73,78,82,64,48,41,51,63,46,35,40,46,17,24,19,15,22,11,20,7,6,6,8,1,1,1,1,1,2
부산광역시 사하구 당리동(2638055000),12813,12813,38,46,39,53,67,75,110,98,104,109,125,119,97,118,134,95,94,107,136,136,133,156,127,178,145,191,189,191,187,179,162,158,151,140,117,114,129,128,175,165,206,201,209,179,168,177,164,178,203,181,211,199,193,230,197,197,213,217,199,233,262,266,242,248,234,221,238,228,177,188,136,151,153,141,117,119,83,103,79,105,56,47,46,45,39,29,22,20,8,13,9,8,2,4,3,0,1,0,0,0,0,13452,13452,32,53,29,54,72,87,111,84,80,113,111,102,85,112,112,115,91,112,106,112,122,149,144,152,163,157,187,147,169,157,136,141,139,131,94,107,102,126,152,182,203,191,216,170,173,154,189,199,193,206,225,243,257,268,250,220,251,250,235,302,289,317,300,260,255,259,252,217,189,198,164,153,139,148,138,110,74,99,86,111,99,77,82,59,49,47,50,35,40,32,26,18,16,16,7,6,2,3,3,2,0
부산광역시 사하구 하단제1동(2638056100),10653,10653,27,36,30,54,48,53,73,72,79,77,72,73,79,90,85,60,62,78,112,91,127,141,162,180,178,187,193,232,230,198,202,170,196,151,126,135,134,132,164,148,171,140,177,132,125,135,147,151,152,156,151,185,184,178,157,169,181,149,145,179,202,183,177,212,189,163,170,149,112,139,104,87,118,94,69,85,52,66,47,60,42,46,34,32,29,23,18,17,16,8,2,2,0,2,2,1,0,0,0,0,0,10720,10720,31,39,39,44,45,59,71,60,72,81,83,78,66,71,75,69,74,76,94,97,119,135,155,168,175,187,195,159,170,191,164,124,124,116,103,106,103,104,132,146,149,139,139,133,135,117,139,160,158,155,178,188,183,174,185,165,180,198,194,227,182,233,218,236,187,193,156,160,142,135,99,107,116,110,108,86,59,86,62,74,51,62,46,60,58,32,33,28,20,11,15,19,6,11,10,3,3,5,1,1,0
부산광역시 사하구 하단제2동(2638056200),12642,12642,45,56,58,65,63,81,89,76,71,99,73,84,93,91,88,77,87,97,117,141,137,256,369,380,343,309,313,242,232,235,229,204,175,174,171,139,140,161,157,172,210,189,178,181,141,161,164,186,195,185,172,204,224,186,207,208,171,184,162,178,207,224,189,165,188,182,156,155,101,123,110,103,88,79,70,86,72,72,56,63,53,48,37,30,25,23,18,9,10,8,6,3,1,2,0,1,2,1,0,0,1,12657,12657,44,54,47,51,54,56,79,68,79,90,78,78,88,88,96,83,101,107,111,173,216,320,283,274,236,216,196,215,172,199,180,146,133,132,135,131,124,130,130,164,175,181,161,132,164,157,164,184,172,194,183,224,207,243,215,217,212,196,199,201,232,259,223,185,238,213,203,175,152,154,115,115,126,106,123,105,66,89,80,84,67,52,63,58,43,39,19,25,24,22,13,12,15,4,5,4,3,2,4,0,2
부산광역시 사하구 신평제1동(2638057100),8658,8658,42,47,44,58,54,55,63,61,48,59,60,49,49,52,58,62,44,60,81,64,63,90,91,81,90,116,106,100,103,102,97,111,94,105,103,99,98,129,133,151,143,151,132,127,114,111,138,125,140,136,173,160,179,160,175,149,147,173,156,163,181,169,165,146,181,160,166,159,116,117,100,107,88,75,89,69,49,56,45,70,50,43,27,25,29,14,10,4,5,7,2,4,2,0,2,2,0,0,0,0,0,8099,8099,40,35,49,50,61,52,51,50,64,42,58,48,42,42,49,39,53,61,63,49,61,72,79,87,81,78,80,76,87,78,92,66,60,83,80,86,88,90,106,99,123,124,105,94,84,92,104,103,130,142,141,120,142,126,162,129,141,146,121,189,191,219,160,148,174,169,153,127,126,117,106,106,117,109,96,96,53,71,61,89,68,57,60,51,53,37,30,23,16,13,11,7,9,12,12,3,0,2,0,0,2
부산광역시 사하구 신평제2동(2638057200),8609,8609,59,60,40,52,60,41,69,90,71,69,69,71,67,54,75,57,74,93,86,74,106,106,100,103,109,132,105,121,119,141,112,152,104,131,134,131,127,104,142,129,168,137,152,101,102,115,133,149,147,151,127,136,123,173,150,139,156,132,143,175,192,157,156,142,166,115,109,109,100,112,73,75,94,75,55,47,34,35,24,37,22,23,28,10,8,11,8,16,9,4,4,4,4,1,1,0,0,0,0,1,0,8590,8590,48,58,54,57,42,48,68,64,48,77,79,68,70,61,72,61,49,70,74,79,72,84,117,95,130,99,95,117,101,136,131,105,129,117,115,87,107,111,116,117,135,136,121,94,115,108,108,146,131,153,155,170,173,166,171,137,151,162,146,173,191,211,183,156,151,125,119,123,85,108,89,70,67,74,48,52,29,57,35,45,38,30,34,25,18,28,21,24,14,11,15,9,14,4,3,0,1,1,2,1,0
부산광역시 사하구 장림제1동(2638058000),5501,5501,21,24,39,34,55,51,49,44,53,56,46,45,48,56,59,55,41,47,46,40,47,64,54,48,48,64,62,55,57,69,47,60,62,45,48,64,75,74,95,115,121,105,122,95,115,93,105,110,110,96,113,97,89,111,95,103,80,87,93,94,91,113,81,81,67,77,79,72,56,69,66,47,41,58,40,34,39,23,32,31,25,10,20,21,5,6,8,2,4,4,1,1,0,0,1,0,0,0,0,0,0,5138,5138,20,23,29,34,44,38,47,53,56,63,57,62,49,33,44,48,46,45,27,33,42,50,54,40,56,45,41,40,52,43,36,53,39,51,62,59,66,80,95,92,100,90,98,80,83,59,79,82,89,90,87,85,78,72,74,67,61,85,82,81,88,107,99,97,78,79,92,61,69,62,62,74,60,60,64,51,32,40,29,36,36,34,25,27,24,18,13,11,5,12,7,6,4,5,1,0,1,0,0,0,0
부산광역시 사하구 장림제2동(2638059000),13751,13751,60,65,54,72,82,108,103,115,104,131,124,132,114,123,136,128,99,115,127,129,152,155,166,164,160,198,207,192,196,169,209,180,192,164,155,164,192,160,203,223,226,252,246,201,211,200,175,222,243,235,253,265,268,217,226,241,229,222,203,244,276,278,245,228,230,214,222,185,177,176,156,128,128,122,99,83,69,71,47,72,53,51,38,25,20,14,14,6,7,5,4,2,0,2,1,2,0,0,0,0,0,13338,13338,47,62,65,74,93,84,87,85,101,115,121,111,108,127,126,102,116,103,110,98,127,148,134,127,180,147,158,185,187,149,159,170,143,136,130,147,159,122,153,198,237,230,208,182,194,181,185,225,236,216,220,232,240,251,220,230,266,226,217,259,263,303,276,237,249,226,240,189,165,180,138,131,113,140,113,102,70,86,93,101,69,52,63,38,46,39,30,29,27,15,11,10,14,5,11,7,2,0,2,3,1
부산광역시 사하구 다대제1동(2638060100),19267,19267,69,86,100,104,144,131,166,174,174,194,195,222,180,221,213,189,181,180,197,234,221,274,245,230,269,260,230,218,226,200,206,157,193,186,160,169,180,227,267,263,284,314,290,274,278,283,277,319,366,366,366,401,327,368,330,354,305,336,320,377,401,405,342,343,320,332,264,281,232,221,213,160,159,147,145,156,107,99,90,123,75,79,55,48,40,40,31,24,14,6,12,7,3,8,5,5,2,1,2,0,0,19236,19236,55,81,84,121,122,144,174,156,172,217,195,191,153,192,206,169,154,179,178,173,186,190,202,204,196,186,186,164,181,191,174,151,148,171,181,185,209,227,255,284,300,295,297,284,292,285,302,351,357,349,381,379,358,384,351,308,320,303,323,366,380,381,349,334,321,277,302,250,217,248,196,183,192,164,174,160,123,150,136,152,135,114,102,94,83,80,75,61,52,43,28,24,23,17,12,8,8,5,6,4,1
부산광역시 사하구 다대제2동(2638060200),13269,13269,42,54,55,59,76,73,113,88,94,112,108,114,115,111,111,114,104,120,130,152,153,205,177,181,171,175,182,173,159,145,125,134,94,118,110,125,103,129,145,160,174,193,189,168,164,160,187,179,209,220,246,259,250,263,245,252,234,256,234,282,282,358,293,288,233,235,266,235,198,185,135,143,133,123,116,102,66,79,73,76,64,49,61,48,30,31,20,18,15,10,7,5,7,4,0,1,3,4,0,0,0,13754,13754,48,44,53,59,79,97,89,82,100,111,115,92,94,104,111,94,122,111,137,121,144,151,136,134,155,115,137,121,135,131,134,90,104,110,83,104,123,117,166,171,199,188,166,144,184,197,211,212,234,249,221,262,270,289,244,292,263,265,224,277,318,317,280,267,283,253,261,211,185,200,170,144,135,145,166,132,97,115,99,110,113,88,99,74,69,66,70,48,44,51,26,16,30,19,14,7,9,3,2,1,2
부산광역시 사하구 구평동(2638061000),6591,6591,68,90,65,59,86,82,78,65,55,82,66,54,51,63,43,45,47,49,54,50,53,90,56,64,70,73,66,71,85,103,101,98,97,118,109,128,124,118,147,149,147,123,127,108,120,97,84,87,92,103,105,117,88,94,106,96,92,101,92,122,97,103,85,90,91,89,91,67,74,76,51,56,55,43,42,47,19,23,24,16,18,9,12,9,5,9,5,2,2,4,2,0,1,1,0,0,0,0,0,0,0,6313,6313,65,53,63,63,86,72,58,54,57,71,56,53,44,39,33,44,37,42,45,45,53,56,67,57,69,59,65,67,91,117,96,105,95,112,121,109,112,123,103,122,121,123,85,90,89,79,89,96,84,102,98,104,100,101,90,97,92,92,97,116,111,126,106,95,117,89,88,81,47,66,55,48,51,47,36,34,30,31,17,30,25,19,20,17,10,17,8,8,7,10,6,6,9,5,2,7,1,3,0,1,3
부산광역시 사하구 감천제1동(2638062000),9031,9031,16,19,31,34,35,51,42,40,60,62,58,57,73,59,67,54,68,64,67,100,99,99,107,88,101,107,95,108,112,124,99,99,80,87,70,82,96,83,92,106,138,126,122,122,138,109,129,126,145,157,150,171,159,156,137,142,172,191,166,199,202,234,195,185,206,203,189,169,130,147,119,95,110,111,113,91,79,74,60,90,51,41,44,40,27,12,16,11,12,9,5,7,2,3,1,1,0,0,1,0,0,9322,9322,15,25,32,37,33,52,42,56,43,74,61,75,61,56,60,58,76,53,69,78,74,93,82,97,99,96,120,90,108,97,75,82,75,65,65,72,77,73,78,105,107,101,103,111,99,115,132,101,134,126,128,169,186,175,172,209,186,164,164,192,258,219,214,197,202,195,231,202,178,161,144,106,118,145,128,106,68,91,71,82,92,57,67,45,59,44,33,41,19,18,12,14,12,9,10,5,8,3,0,4,1
부산광역시 사하구 감천제2동(2638063000),3010,3010,2,2,2,2,8,5,2,11,7,9,10,7,7,8,6,14,8,19,13,20,19,17,23,35,27,37,34,36,32,26,24,20,27,15,21,23,23,15,24,35,38,44,41,38,34,40,33,47,44,48,64,53,67,65,71,70,64,64,66,77,63,75,70,72,56,71,49,65,73,58,42,57,44,52,46,44,36,38,32,44,35,22,27,21,20,13,10,12,7,2,3,3,0,3,1,0,0,0,0,0,1,2857,2857,4,7,4,3,8,6,9,13,8,6,14,3,10,9,7,11,14,13,12,15,12,18,22,24,21,22,19,25,18,24,15,16,13,13,16,16,17,17,13,16,27,24,16,23,23,17,23,35,36,33,33,32,49,44,45,47,48,51,45,46,54,73,68,59,60,63,63,67,69,61,59,61,47,62,66,65,49,52,61,74,47,48,46,52,39,33,21,22,12,17,9,9,4,10,9,2,5,4,3,0,2
부산광역시 금정구 (2641000000),110501,110501,354,378,464,474,595,653,754,776,761,838,833,804,798,838,894,837,844,866,980,1036,1113,1527,1709,1776,2001,1932,1890,1792,1619,1624,1522,1317,1269,1165,1127,1162,1114,1099,1287,1429,1487,1549,1646,1386,1486,1369,1448,1577,1711,1714,1813,1807,1805,1913,1795,1786,1815,1830,1790,2097,2131,2177,2094,1888,1956,1829,1838,1658,1437,1530,1286,1143,1176,1240,1097,978,672,786,768,909,699,570,506,438,366,284,241,198,139,109,68,62,46,39,20,17,8,10,5,4,4,115528,115528,326,391,410,482,532,625,715,706,738,791,801,802,727,739,869,784,750,859,930,1054,1251,1627,1608,1492,1583,1500,1386,1345,1337,1256,1247,1108,1069,1059,1064,1001,995,1118,1239,1352,1546,1596,1559,1410,1405,1345,1472,1608,1745,1824,1906,1988,1936,2087,1979,2007,1992,2039,1933,2319,2426,2504,2379,2175,2081,2019,2192,1914,1657,1811,1504,1319,1421,1438,1282,1201,822,994,921,1095,979,849,802,677,587,522,524,474,307,309,245,171,164,124,93,43,47,22,24,18,28
부산광역시 금정구 서제1동(2641051000),2728,2728,5,0,5,2,5,4,8,6,6,6,9,5,9,15,9,16,12,14,21,21,17,19,23,20,30,30,36,25,25,30,29,34,34,26,16,24,29,29,21,30,37,35,36,40,36,37,42,49,59,40,49,47,60,56,46,49,41,54,57,69,75,68,69,62,68,68,59,54,39,50,41,44,38,40,33,30,22,34,29,29,23,24,18,16,14,10,10,6,3,4,1,1,0,2,0,0,0,0,0,0,0,2547,2547,1,1,3,0,6,5,3,4,9,7,6,3,6,6,12,16,10,16,10,16,18,17,12,25,23,21,20,23,35,13,19,13,12,12,13,12,15,11,10,21,36,29,25,24,26,20,24,27,32,28,33,43,33,47,55,46,46,48,41,71,61,72,69,78,62,72,67,58,57,61,52,45,45,44,44,34,29,34,39,45,37,32,35,31,12,14,22,20,14,14,8,7,3,4,2,2,2,1,0,0,0
부산광역시 금정구 서제2동(2641052000),4567,4567,5,6,8,11,15,15,21,21,25,11,24,19,18,17,22,22,25,27,24,30,27,59,43,34,44,59,57,82,72,69,53,51,37,44,53,45,41,40,48,74,52,62,57,54,63,52,59,52,62,71,72,82,85,93,75,82,105,103,67,116,118,117,121,128,111,94,100,92,83,80,68,72,56,77,52,40,25,41,36,45,23,28,25,18,15,12,3,0,10,6,4,1,1,0,2,0,0,1,0,0,0,4566,4566,5,9,10,13,10,16,17,13,19,16,24,27,18,19,27,24,13,24,18,27,30,47,35,42,54,54,41,47,60,53,51,39,53,38,35,36,42,32,45,54,47,39,47,35,36,32,56,52,78,64,53,80,65,85,78,96,110,93,92,119,125,133,132,118,104,113,111,110,77,93,87,78,70,50,58,43,38,50,47,43,41,30,42,37,26,22,19,22,10,11,6,8,5,7,2,2,1,0,1,0,0
부산광역시 금정구 서제3동(2641053000),5565,5565,12,12,13,21,16,11,19,17,23,21,24,11,27,19,34,24,19,20,27,42,47,56,49,58,57,61,67,78,88,89,90,66,56,53,50,58,64,53,60,80,46,85,54,62,66,59,69,73,100,89,89,106,88,122,97,114,109,82,126,125,154,132,165,121,125,109,105,116,93,103,81,77,75,79,75,52,46,59,38,68,39,38,39,37,31,10,12,7,10,7,3,1,1,3,0,0,0,1,0,0,0,5582,5582,11,16,12,16,13,16,21,14,19,16,15,25,29,23,21,15,17,27,36,43,36,43,42,42,62,63,55,67,48,55,69,43,57,45,47,31,40,45,47,46,55,51,57,50,49,49,51,61,70,88,69,84,89,98,108,111,114,117,125,149,149,168,158,119,141,123,153,106,102,107,88,101,87,113,89,89,55,64,61,80,53,59,54,42,37,34,22,20,15,12,17,6,7,9,4,3,1,0,0,0,1
부산광역시 금정구 금사회동동(2641055500),4104,4104,6,6,15,11,14,16,16,16,15,17,16,16,13,15,13,15,14,21,22,19,30,38,37,34,33,54,53,46,46,53,46,49,45,39,36,34,34,39,34,56,55,48,68,48,38,40,54,66,61,55,80,51,78,58,66,66,85,104,82,96,110,115,121,92,93,105,103,92,86,76,74,62,71,72,56,38,34,45,33,43,39,23,20,19,11,8,10,3,9,2,1,3,1,3,0,0,0,0,0,0,0,3687,3687,10,8,3,8,7,13,11,10,14,12,10,17,18,8,21,18,20,14,17,20,16,29,33,22,34,43,38,37,44,30,27,40,30,22,25,26,33,33,32,33,50,34,47,34,30,28,23,40,38,34,53,54,70,70,55,82,80,73,74,95,96,112,100,104,94,68,99,83,69,114,56,70,60,62,51,53,37,45,45,48,51,41,36,22,23,17,17,12,7,11,8,6,4,2,4,2,4,1,1,0,2
부산광역시 금정구 부곡제1동(2641057000),3959,3959,7,9,8,14,21,17,13,21,13,25,18,15,20,23,30,20,18,17,23,16,32,46,37,40,43,48,35,55,46,53,59,44,40,41,38,42,31,47,41,46,64,60,57,58,59,45,61,48,60,73,70,65,64,70,64,59,53,74,75,76,85,84,86,72,81,92,64,79,68,80,63,52,70,63,58,59,37,32,51,32,42,26,22,16,20,16,12,10,6,2,1,4,2,1,2,1,0,1,0,0,0,4244,4244,0,10,10,14,14,7,18,13,14,16,19,12,21,13,29,18,19,32,22,23,31,40,34,35,35,46,30,42,35,41,38,34,34,36,23,29,30,34,34,48,46,42,35,34,39,49,46,50,57,56,73,63,60,59,59,57,64,79,80,103,114,85,107,91,86,89,118,103,78,94,79,83,89,81,73,67,42,62,44,82,67,47,37,37,33,25,36,28,21,20,12,10,9,6,2,1,2,0,0,0,0
부산광역시 금정구 부곡제2동(2641058000),8529,8529,32,31,35,56,57,59,58,55,49,59,63,76,66,71,87,82,78,68,98,85,100,139,140,151,168,128,141,133,120,109,119,114,101,90,90,91,100,87,104,101,104,123,129,117,96,109,96,146,148,150,150,152,141,150,141,148,133,129,157,137,151,160,155,130,155,119,132,120,101,105,91,72,77,74,62,74,49,57,56,69,50,37,38,30,26,18,22,10,7,8,4,9,5,4,1,1,0,1,1,1,0,9357,9357,29,37,32,44,39,48,56,46,54,66,63,70,51,59,75,71,67,93,100,93,114,145,144,146,138,119,145,120,108,100,104,91,96,89,83,77,69,118,106,129,120,134,161,100,115,118,143,170,147,176,164,168,161,165,182,166,149,154,161,152,178,195,166,164,138,150,163,144,134,121,94,81,95,130,89,85,56,54,70,95,69,59,46,42,49,48,38,46,26,20,16,10,10,10,10,2,4,1,3,5,1
부산광역시 금정구 부곡제3동(2641059000),7501,7501,34,34,39,40,49,49,53,76,78,68,55,57,59,70,55,52,70,66,69,98,67,109,127,112,128,106,115,96,107,96,120,105,95,84,91,97,91,88,94,104,118,116,119,99,108,91,103,96,108,116,123,144,122,127,143,117,125,123,114,138,131,141,122,112,129,107,114,100,82,113,77,68,64,64,67,56,40,36,49,46,35,41,22,22,16,19,14,21,5,11,9,3,4,1,3,1,1,0,2,0,0,8134,8134,28,35,50,38,41,66,60,62,56,68,68,70,52,54,67,66,59,90,76,67,88,125,109,89,118,106,90,95,95,104,95,82,75,88,86,84,82,88,84,103,124,126,119,94,114,94,105,124,135,134,137,163,134,148,145,143,133,135,116,154,187,159,137,138,133,136,157,130,89,113,77,75,88,92,75,70,37,54,44,39,63,57,53,36,43,33,40,32,19,24,14,13,16,10,6,2,3,0,3,0,1
부산광역시 금정구 부곡제4동(2641059100),6125,6125,12,17,23,23,19,35,23,31,32,32,30,39,26,36,37,49,37,54,58,49,61,65,59,72,80,77,100,101,82,88,80,77,70,59,58,74,63,68,91,79,68,86,95,70,77,89,91,84,104,111,100,99,99,108,94,98,114,93,93,127,109,121,140,104,118,113,121,112,103,100,92,91,85,91,79,72,34,50,46,65,39,27,42,27,22,20,13,7,5,3,1,2,4,0,0,0,0,0,0,1,0,6600,6600,17,26,15,20,31,28,22,33,22,26,22,27,30,25,46,33,48,32,33,42,50,55,67,68,87,66,68,74,74,66,83,60,50,58,66,64,43,61,78,75,60,93,67,72,71,72,85,85,102,111,87,131,106,126,114,115,116,134,105,129,155,147,171,144,142,164,169,145,108,125,131,94,107,83,85,83,70,67,72,76,65,47,51,40,28,25,25,26,18,17,8,11,10,8,3,1,3,1,1,0,2
부산광역시 금정구 장전제1동(2641060000),9351,9351,19,19,37,21,39,47,37,48,41,57,66,56,59,58,59,53,47,57,64,99,118,240,399,461,537,470,412,295,246,230,223,139,123,106,103,90,82,84,79,93,119,102,107,105,122,115,128,111,101,106,120,94,106,126,109,107,101,94,87,119,124,92,106,97,117,63,102,75,63,78,66,51,55,69,67,53,36,36,40,40,39,40,31,21,16,18,14,22,6,7,5,4,4,2,0,0,0,0,0,0,0,8595,8595,19,23,39,25,30,43,60,44,63,67,60,63,53,51,59,49,40,40,80,140,213,360,370,340,303,227,176,162,130,117,104,85,89,82,72,71,76,70,76,94,106,106,100,98,95,105,98,108,119,112,113,94,116,127,106,112,117,114,106,116,132,126,133,98,112,98,111,104,84,112,89,87,74,69,68,77,47,51,49,66,49,48,52,36,25,25,24,24,15,22,16,12,5,8,4,3,3,2,0,1,1
부산광역시 금정구 장전제2동(2641061000),12707,12707,76,77,93,102,123,147,176,145,160,163,176,134,151,141,156,129,113,134,120,114,107,136,147,163,202,173,191,175,172,170,159,134,154,147,159,156,159,152,194,216,232,226,299,200,247,207,201,211,219,226,213,185,201,190,157,164,153,161,135,173,154,194,158,161,168,147,150,120,133,130,117,86,105,112,84,94,63,77,80,92,76,50,48,50,33,31,27,18,15,13,8,6,2,2,2,1,0,3,0,0,1,13630,13630,62,83,88,94,108,128,140,139,149,157,153,135,107,115,104,94,104,97,96,107,120,150,165,155,157,161,139,154,166,173,141,161,136,167,163,171,152,174,248,220,284,286,252,259,231,229,188,202,228,204,214,221,200,196,201,175,211,173,171,203,219,249,193,177,187,183,192,186,155,161,136,112,130,148,121,130,78,99,81,113,90,92,73,55,61,55,57,38,30,31,28,20,24,14,21,7,5,7,4,2,5
부산광역시 금정구 선두구동(2641063500),1234,1234,2,3,3,6,2,5,5,6,5,5,2,3,6,4,3,8,5,7,9,6,6,7,11,15,14,9,7,12,13,21,8,13,18,9,9,13,7,12,20,12,11,12,15,11,11,11,12,13,13,16,17,19,27,25,19,27,22,22,31,35,32,44,37,35,29,30,43,32,17,14,12,17,18,19,18,17,11,13,13,11,16,11,11,8,9,4,2,2,1,2,1,0,2,1,1,0,0,0,1,0,0,1076,1076,0,2,0,5,2,7,7,1,2,0,1,6,3,1,5,2,5,5,7,3,7,13,7,5,12,6,12,7,13,13,10,6,11,8,8,3,8,7,7,7,7,10,7,12,6,10,8,7,16,13,22,23,10,18,19,23,18,28,26,29,28,28,25,28,28,23,17,22,27,16,23,15,19,16,25,14,18,13,15,8,17,13,9,10,10,7,11,14,7,8,5,2,3,0,2,0,1,0,1,0,2
부산광역시 금정구 청룡노포동(2641066500),4761,4761,12,20,20,15,16,34,35,33,37,36,27,33,31,31,35,40,42,38,36,32,39,47,62,54,57,68,66,67,47,72,50,48,50,48,48,44,46,43,47,53,48,58,55,39,60,44,43,62,75,72,55,73,70,72,88,85,96,92,87,92,88,97,88,81,82,91,101,91,70,85,65,76,58,87,75,58,41,38,43,59,35,39,41,25,22,18,15,17,11,9,7,7,2,6,2,5,0,0,0,0,1,4990,4990,20,14,11,16,27,22,29,25,30,30,31,40,29,17,36,30,32,36,29,48,37,39,34,42,40,56,54,38,39,47,47,39,41,41,55,40,35,47,37,53,61,53,68,56,37,58,53,53,75,80,84,85,77,85,83,97,91,100,98,114,112,115,114,121,97,100,103,104,88,99,81,63,75,78,73,60,50,54,53,51,51,41,47,37,33,27,36,34,15,15,11,5,5,4,4,1,3,1,3,4,1
부산광역시 금정구 남산동(2641067000),13980,13980,33,34,43,36,44,66,75,65,68,82,86,83,69,80,86,90,98,96,123,144,180,212,244,243,257,271,237,235,222,230,193,185,171,169,137,133,119,133,142,146,172,172,155,169,165,133,142,193,197,206,249,246,242,264,262,256,231,235,253,283,304,295,272,270,237,260,261,217,190,206,160,131,156,158,146,122,106,124,102,129,111,83,68,60,54,40,41,23,19,16,8,7,7,3,3,2,1,1,0,1,1,14662,14662,20,34,33,48,43,53,54,76,59,78,74,72,70,80,91,78,93,94,138,157,198,227,229,186,213,196,184,185,191,160,158,138,136,122,128,119,117,127,106,145,160,166,169,137,173,129,171,179,197,235,276,262,290,306,259,281,265,259,266,332,354,351,315,309,280,273,273,222,216,229,206,184,198,179,175,164,115,157,132,153,137,110,109,97,85,56,65,72,48,41,43,17,23,13,9,9,4,4,5,3,5
부산광역시 금정구 구서제1동(2641068000),9265,9265,36,54,52,39,59,56,76,104,72,85,91,89,83,100,100,86,93,84,89,113,93,110,116,122,115,139,135,151,119,131,115,97,114,88,97,101,99,78,122,142,141,146,150,120,124,130,154,133,168,140,150,170,154,188,148,144,162,168,166,175,175,182,150,153,142,162,132,122,102,109,94,84,89,84,79,73,54,47,50,62,42,32,26,30,29,22,13,19,11,4,5,2,1,2,2,3,1,0,0,0,0,10255,10255,40,37,42,54,57,56,75,70,73,96,82,85,99,98,116,100,85,96,116,99,95,125,111,113,107,126,115,102,122,122,119,112,92,107,96,90,103,107,127,137,137,160,144,168,134,139,156,178,167,177,186,190,205,222,191,178,171,206,169,206,187,219,189,157,169,135,164,147,144,127,106,80,87,105,82,94,46,67,60,82,79,72,58,51,46,48,29,33,20,20,14,12,10,6,8,4,3,2,2,2,1
부산광역시 금정구 구서제2동(2641069000),15630,15630,63,56,68,75,115,92,132,131,134,164,137,159,150,152,162,145,166,160,191,163,188,238,212,193,234,236,234,236,211,177,169,157,158,160,141,158,145,141,189,194,215,216,244,183,203,198,186,232,229,234,265,267,260,261,282,260,277,286,252,323,311,326,296,253,292,257,243,220,199,191,173,154,147,143,140,137,73,94,100,114,89,69,55,57,48,38,31,33,20,14,10,12,9,8,2,3,5,2,1,1,1,17072,17072,62,56,62,87,102,116,136,147,148,131,162,145,139,163,156,163,135,158,148,165,190,206,216,180,199,204,219,189,173,158,180,161,155,141,161,146,147,161,195,180,243,259,252,224,242,207,255,270,273,304,335,320,311,332,316,324,296,319,292,338,317,329,356,318,292,287,284,242,222,226,189,143,186,183,167,136,101,120,105,106,105,96,93,103,73,79,79,50,41,41,38,31,28,21,12,4,7,2,0,1,5
부산광역시 금정구 금성동(2641070000),495,495,0,0,2,2,1,0,7,1,3,7,9,9,11,6,6,6,7,3,6,5,1,6,3,4,2,3,4,5,3,6,9,4,3,2,1,2,4,5,1,3,5,2,6,11,11,9,7,8,7,9,11,7,8,3,4,10,8,10,8,13,10,9,8,17,9,12,8,16,8,10,12,6,12,8,6,3,1,3,2,5,1,2,0,2,0,0,2,0,1,1,0,0,1,1,0,0,0,0,0,0,0,531,531,2,0,0,0,2,1,6,9,7,5,11,5,2,7,4,7,3,5,4,4,8,6,0,2,1,6,0,3,4,4,2,4,2,3,3,2,3,3,7,7,10,8,9,13,7,6,10,2,11,8,7,7,9,3,8,1,11,7,11,9,12,16,14,11,16,5,11,8,7,13,10,8,11,5,7,2,3,3,4,8,5,5,7,1,3,7,4,3,1,2,1,1,2,2,0,0,1,0,0,0,1
부산광역시 강서구 (2644000000),74161,74161,707,736,895,936,1083,1183,1217,1152,1096,1138,1011,933,812,753,682,515,514,494,496,458,467,583,540,582,579,674,720,809,897,968,972,985,1160,1174,1222,1322,1343,1531,1735,2006,2032,1859,1861,1510,1435,1296,1225,1232,1166,1058,1041,991,944,930,816,816,837,825,801,967,973,1048,982,948,932,856,836,795,641,655,561,496,418,430,411,354,232,275,221,267,221,159,160,111,100,88,54,48,42,25,29,14,16,17,10,2,4,2,3,1,2,69066,69066,625,620,758,938,984,1133,1189,1081,1075,994,1014,910,769,709,694,549,484,459,447,414,442,456,457,478,549,537,606,662,733,871,966,980,1109,1178,1216,1289,1376,1468,1669,1732,1802,1629,1464,1200,1095,977,960,908,920,840,796,871,793,879,805,737,787,850,766,920,1041,1060,963,925,917,847,802,732,610,644,511,425,458,425,385,310,247,259,293,317,277,262,251,223,204,166,137,155,113,91,87,85,66,50,40,20,18,7,9,4,11
부산광역시 강서구 대저1동(2644051000),3580,3580,4,4,8,8,12,10,8,8,10,12,11,16,13,23,8,12,11,13,18,19,17,24,35,28,29,29,45,42,39,43,44,37,34,38,38,22,35,32,23,26,39,45,51,37,28,40,31,45,46,48,50,51,65,66,47,64,86,70,63,102,88,106,100,104,98,97,100,80,75,74,76,64,60,62,50,54,40,46,41,36,28,21,21,21,21,19,4,9,6,4,6,3,2,0,2,0,0,0,0,0,0,2928,2928,5,7,10,9,8,11,9,8,7,12,11,15,9,10,12,14,9,12,15,15,15,18,19,30,24,22,19,29,25,33,27,29,28,25,23,15,11,25,16,28,26,25,24,23,27,21,23,20,29,25,35,47,34,62,37,49,49,59,62,59,73,68,74,80,84,82,68,79,60,75,60,55,63,49,48,41,32,29,46,52,46,44,27,30,26,20,17,18,11,11,14,13,9,8,2,3,2,0,1,1,2
부산광역시 강서구 대저2동(2644052000),3969,3969,19,25,17,24,29,34,28,23,27,25,32,23,27,23,32,16,21,23,24,26,32,44,45,54,50,55,62,55,71,75,63,60,56,55,64,51,48,33,50,42,57,61,48,46,57,57,49,54,60,62,50,65,52,62,50,64,58,68,58,77,77,87,86,97,89,68,73,71,41,60,57,41,59,45,35,26,23,19,30,35,26,17,21,12,9,11,8,11,9,1,3,1,0,0,0,0,2,1,0,0,0,3104,3104,17,13,13,24,20,24,28,20,37,26,28,24,20,22,26,22,11,15,25,24,19,20,26,23,26,34,29,34,28,46,33,30,34,43,30,39,35,31,52,37,46,37,42,32,47,24,31,29,40,28,39,36,37,41,44,43,51,48,41,60,69,59,72,72,66,68,57,55,43,58,39,32,37,42,44,29,26,26,25,38,30,28,38,19,26,14,16,21,8,9,12,10,9,7,5,3,5,1,1,0,1
부산광역시 강서구 강동동(2644053000),2257,2257,3,3,2,3,9,6,3,6,5,6,3,3,7,5,5,6,6,10,8,7,8,14,11,24,22,21,18,25,28,29,22,26,25,21,17,14,21,19,15,16,15,25,20,23,18,16,17,26,21,30,27,22,30,44,39,42,56,50,52,57,82,90,80,73,75,78,63,56,56,68,51,44,35,34,31,31,25,19,17,27,12,11,19,5,9,9,7,3,4,1,1,1,3,3,2,0,0,0,0,0,0,1953,1953,1,0,3,6,1,4,4,4,3,6,5,7,4,8,3,2,2,10,3,7,9,8,16,13,9,12,7,12,7,21,19,20,18,14,9,8,12,15,10,14,12,13,12,12,12,8,12,8,11,18,16,21,28,25,38,36,52,41,39,52,72,71,77,51,75,51,52,61,48,49,42,32,32,31,40,21,32,32,24,34,29,25,23,15,28,19,12,13,13,7,6,12,7,5,2,3,2,1,0,0,2
부산광역시 강서구 명지1동(2644053500),26867,26867,416,402,480,484,566,563,545,526,478,479,420,355,285,271,241,153,198,152,144,144,145,202,171,161,201,229,236,265,308,349,371,416,538,587,581,666,651,753,807,939,891,835,748,582,571,459,437,390,394,332,284,287,266,257,225,222,207,210,187,223,251,248,223,211,243,199,185,168,146,160,112,104,81,102,101,72,44,52,39,47,41,24,37,20,17,13,9,7,3,5,7,1,1,4,0,0,2,1,1,1,0,26613,26613,382,360,438,483,531,574,547,501,479,413,436,359,284,278,285,194,194,161,148,123,151,161,153,179,215,199,241,273,335,408,506,485,552,633,649,684,710,725,821,807,810,699,611,465,424,375,363,328,324,290,243,250,267,292,279,203,227,253,221,276,289,287,256,239,230,207,205,175,165,155,106,95,97,99,78,58,43,50,49,52,50,49,44,50,24,32,30,28,22,15,15,16,16,8,10,3,2,1,2,2,2
부산광역시 강서구 명지2동(2644054500),15154,15154,108,127,183,196,227,304,373,323,323,342,318,320,289,255,240,190,164,198,184,153,124,143,126,118,107,108,116,113,132,131,120,120,120,144,148,167,183,258,329,400,424,382,456,358,355,332,309,356,299,258,295,239,213,180,150,137,124,136,144,161,158,133,139,154,105,124,140,119,87,86,62,72,55,48,57,45,28,23,19,37,28,21,11,12,11,10,9,5,4,3,3,2,2,4,2,2,0,0,1,0,1,15189,15189,106,97,137,209,220,281,316,313,292,297,317,291,270,246,234,214,159,155,161,143,137,111,119,107,116,111,115,101,115,123,131,136,166,203,207,205,268,298,383,430,450,443,418,351,347,295,292,310,271,248,212,208,186,180,156,145,145,155,128,165,160,175,171,154,147,138,130,109,85,86,64,69,68,54,47,31,26,31,37,30,28,27,28,19,20,10,15,24,12,9,10,9,5,8,4,1,2,0,1,0,0
부산광역시 강서구 가락동(2644055000),1250,1250,1,0,2,3,1,6,2,0,2,8,1,6,2,1,1,3,8,4,2,6,7,6,7,7,10,7,8,20,12,16,15,12,13,13,10,9,8,9,15,9,8,10,10,12,17,12,9,16,13,18,15,11,20,24,24,28,27,33,30,28,32,45,23,39,29,28,40,33,29,23,38,30,17,27,15,26,13,22,15,13,19,19,7,4,7,4,2,3,3,1,2,1,1,2,1,0,0,0,0,0,0,1086,1086,2,1,1,3,1,1,4,4,2,5,4,4,0,3,1,1,3,1,4,2,3,2,5,8,7,11,12,11,9,7,6,8,4,12,7,7,7,6,9,7,9,7,7,5,3,7,8,4,8,11,9,9,13,13,25,14,27,25,19,30,26,31,29,34,25,31,31,30,26,26,25,18,21,24,20,22,13,12,24,20,13,18,17,13,14,13,11,12,9,5,4,8,3,2,2,1,0,1,2,0,2
부산광역시 강서구 녹산동(2644056000),18988,18988,152,170,199,214,233,253,251,260,242,257,220,204,183,172,146,127,100,85,106,96,122,129,131,168,139,204,220,271,279,300,319,293,348,302,347,367,371,402,471,551,569,485,494,424,357,361,349,307,304,283,283,284,259,255,245,221,240,209,222,263,237,250,280,223,235,212,182,214,166,151,134,111,87,81,82,68,43,72,52,59,45,36,37,29,17,14,12,10,4,5,6,5,4,4,2,0,0,0,1,0,0,16300,16300,109,139,153,200,202,224,276,223,246,229,207,204,175,134,129,93,99,97,86,86,98,127,108,106,140,135,170,187,207,216,228,258,290,238,283,318,319,346,367,395,428,390,334,290,226,228,211,193,220,203,200,263,194,229,201,214,203,231,211,224,287,300,227,237,242,215,212,174,148,147,144,93,111,103,85,85,62,60,64,67,62,51,56,59,51,40,21,32,24,28,15,16,7,8,11,5,4,3,2,1,1
부산광역시 강서구 가덕도동(2644058000),2096,2096,4,5,4,4,6,7,7,6,9,9,6,6,6,3,9,8,6,9,10,7,12,21,14,22,21,21,15,18,28,25,18,21,26,14,17,26,26,25,25,23,29,16,34,28,32,19,24,38,29,27,37,32,39,42,36,38,39,49,45,56,48,89,51,47,58,50,53,54,41,33,31,30,24,31,40,32,16,22,8,13,22,10,7,8,9,8,3,0,9,5,1,0,3,0,1,0,0,0,0,0,1,1893,1893,3,3,3,4,1,14,5,8,9,6,6,6,7,8,4,9,7,8,5,14,10,9,11,12,12,13,13,15,7,17,16,14,17,10,8,13,14,22,11,14,21,15,16,22,9,19,20,16,17,17,42,37,34,37,25,33,33,38,45,54,65,69,57,58,48,55,47,49,35,48,31,31,29,23,23,23,13,19,24,24,19,20,18,18,15,18,15,7,14,7,11,1,10,4,4,1,1,0,0,0,1
부산광역시 연제구 (2647000000),99714,99714,486,532,582,634,666,789,894,808,752,832,849,860,767,801,898,813,749,821,893,866,1036,1187,1180,1226,1234,1297,1336,1304,1329,1360,1351,1267,1304,1270,1208,1273,1234,1292,1456,1564,1708,1687,1620,1417,1453,1378,1406,1586,1658,1672,1642,1755,1578,1690,1638,1512,1536,1502,1382,1631,1770,1783,1626,1607,1586,1565,1539,1533,1235,1246,1071,1018,993,1021,929,854,588,643,636,788,578,507,453,381,305,248,232,145,117,59,61,43,34,26,13,10,7,2,4,2,5,107464,107464,487,497,586,644,627,760,767,818,817,859,798,817,723,765,801,781,717,809,891,793,886,1115,1117,1115,1290,1242,1333,1375,1419,1383,1380,1245,1307,1211,1242,1225,1222,1225,1406,1605,1616,1670,1724,1487,1589,1364,1458,1633,1775,1679,1772,1828,1830,1895,1836,1633,1746,1619,1528,1879,2053,2195,2014,1895,1845,1766,1852,1646,1436,1582,1253,1096,1221,1224,1148,966,676,861,794,914,793,691,600,504,479,463,361,303,236,219,180,139,120,93,57,40,25,14,15,12,22
부산광역시 연제구 거제제1동(2647061000),13953,13953,52,58,79,93,99,135,174,177,163,175,188,189,174,193,221,187,158,178,172,160,215,227,199,169,171,152,147,141,123,125,115,102,114,123,142,109,110,137,184,161,230,228,236,210,247,224,230,260,274,290,299,262,272,257,257,214,227,191,177,197,215,186,187,178,170,163,173,167,140,124,149,115,99,110,111,93,79,91,81,102,72,60,63,62,40,38,41,25,15,7,6,5,3,1,2,4,1,0,0,0,2,14965,14965,54,49,82,97,85,128,125,140,162,174,165,183,142,155,160,171,156,163,191,152,172,194,165,158,144,133,137,116,135,125,134,131,118,110,130,145,137,160,204,223,248,274,319,247,290,258,271,334,344,275,300,303,275,257,253,212,231,185,179,233,244,230,228,196,198,185,186,192,183,190,152,143,163,134,136,123,100,112,110,126,111,73,75,56,71,42,43,34,23,28,17,13,15,13,7,4,5,2,3,2,4
부산광역시 연제구 거제제2동(2647062000),5773,5773,23,24,33,32,29,51,60,53,61,72,85,69,67,82,89,72,78,72,62,67,75,67,74,73,70,64,49,59,57,48,52,50,37,67,41,58,44,45,64,96,91,75,94,85,110,96,107,130,144,116,143,130,80,95,117,83,91,95,80,73,78,101,81,67,82,87,85,78,56,64,51,57,48,57,44,43,21,31,39,39,26,21,24,17,17,16,11,7,8,0,4,3,0,1,0,2,0,0,0,0,1,6373,6373,24,21,33,33,39,49,62,88,84,85,84,88,96,81,88,90,66,85,78,71,82,70,45,62,62,59,52,65,59,60,40,37,65,46,51,58,52,63,64,110,103,105,139,114,114,118,132,131,124,119,127,100,129,117,89,76,89,78,82,96,119,108,84,98,80,91,90,59,83,82,65,45,57,59,63,55,27,51,34,40,29,42,23,26,20,26,21,14,11,9,14,6,4,3,3,2,1,0,0,0,0
부산광역시 연제구 거제제3동(2647063000),4704,4704,20,23,26,24,30,16,28,28,22,20,20,29,30,26,31,26,41,35,49,49,45,49,54,47,37,53,67,61,56,53,76,54,56,64,57,53,44,49,57,44,54,76,75,44,52,58,62,75,59,81,70,94,84,87,94,61,56,72,54,75,95,101,90,77,84,84,83,95,61,66,72,48,52,68,49,71,43,46,52,60,43,44,28,36,32,23,15,10,13,6,5,4,6,6,1,0,1,2,0,0,0,5217,5217,20,11,20,16,19,22,22,24,18,25,29,21,34,24,41,34,43,26,34,29,28,49,47,58,66,67,60,63,60,63,63,63,45,55,41,42,48,41,48,61,64,54,59,46,64,48,63,69,71,80,68,91,89,89,95,77,82,82,83,86,98,126,110,94,101,84,100,95,99,107,77,68,74,83,88,69,49,63,57,75,66,52,45,55,37,47,33,28,17,23,13,11,10,12,1,4,2,0,2,2,0
부산광역시 연제구 거제제4동(2647064000),5086,5086,16,15,25,26,36,31,43,42,41,43,53,58,52,54,58,59,52,47,55,51,50,64,62,71,64,61,75,54,54,63,52,45,62,54,45,48,43,54,63,78,70,87,70,66,68,71,64,81,95,100,69,85,98,73,87,79,94,91,72,85,96,90,80,105,91,98,82,78,67,66,64,59,54,54,49,43,31,33,31,37,23,17,17,19,17,15,14,9,5,4,7,2,0,1,1,0,0,0,1,1,1,5283,5283,18,22,26,26,34,28,29,35,33,55,44,51,42,47,43,50,29,60,38,41,55,56,56,44,56,40,56,50,54,57,45,39,54,37,47,42,49,47,63,67,67,102,88,67,82,66,87,74,90,96,95,102,112,93,79,85,105,94,93,87,127,120,91,106,92,91,109,93,74,77,62,53,61,68,41,46,24,37,40,50,44,40,33,28,24,25,11,16,13,10,14,10,9,5,4,3,0,0,1,2,0
부산광역시 연제구 연산제1동(2647065000),8191,8191,43,56,48,55,57,82,70,71,59,81,66,61,61,77,73,79,49,67,82,64,61,85,86,94,94,104,99,111,103,109,107,87,105,112,90,107,115,127,132,129,155,163,134,130,113,107,101,125,120,130,127,115,120,147,109,108,143,134,115,146,139,154,128,140,149,142,141,132,101,103,104,89,100,79,86,73,44,41,47,54,46,29,44,31,20,15,18,8,7,8,4,2,4,5,2,0,0,0,1,0,1,8590,8590,47,39,53,58,64,62,78,66,77,64,55,70,44,60,60,66,53,52,59,54,58,72,75,74,79,97,103,106,85,84,113,110,102,109,91,99,118,90,116,134,116,138,133,118,131,116,126,142,124,128,127,133,142,139,161,131,147,149,141,171,195,193,187,165,166,156,147,141,115,120,106,100,104,98,97,66,47,64,55,78,55,39,49,37,42,38,21,20,15,19,11,8,6,5,3,4,1,3,2,1,2
부산광역시 연제구 연산제2동(2647066000),9787,9787,86,74,102,97,91,101,134,95,83,91,75,81,56,49,64,63,41,63,64,80,92,119,116,122,105,123,109,106,111,130,157,126,139,140,149,180,152,188,207,213,231,174,178,140,141,138,129,133,148,162,136,174,132,167,151,155,127,129,128,132,148,178,123,130,134,122,130,127,115,104,86,96,86,102,79,83,54,70,55,85,53,52,31,37,25,24,18,17,12,5,8,4,6,3,1,1,3,0,1,0,0,10550,10550,76,92,87,91,91,106,101,118,81,92,72,69,57,66,71,52,56,70,71,61,82,97,108,105,120,104,114,116,131,140,171,154,159,157,163,179,172,169,183,213,204,185,176,134,139,115,136,122,170,160,161,171,158,171,180,149,171,154,122,175,154,207,156,160,171,159,158,157,103,142,108,109,112,105,90,89,58,85,61,87,71,80,60,47,42,46,34,26,17,12,19,13,12,8,8,1,3,2,2,2,4
부산광역시 연제구 연산제3동(2647067000),5129,5129,44,48,53,45,49,42,39,26,24,32,25,20,20,20,36,24,27,36,36,37,40,43,65,66,46,55,58,46,66,54,64,79,69,83,69,94,94,101,90,105,93,90,73,69,61,61,75,78,78,69,74,79,65,86,84,84,64,79,63,74,88,98,92,88,84,82,103,92,60,90,64,65,71,50,56,52,36,38,32,49,31,29,28,15,20,8,12,12,4,4,2,2,3,0,0,0,0,0,0,0,0,5445,5445,28,34,38,50,32,31,32,33,36,26,26,31,26,18,24,24,31,32,36,41,30,47,45,44,47,37,53,72,68,67,79,65,72,85,95,73,62,58,73,90,83,87,83,79,65,55,66,70,78,71,95,91,93,91,76,74,84,79,63,95,129,118,132,108,112,99,123,110,68,71,62,68,72,70,72,72,38,55,47,52,39,46,31,28,24,34,22,15,20,8,4,7,1,9,5,2,1,0,0,1,1
부산광역시 연제구 연산제4동(2647068000),7747,7747,25,16,19,27,23,26,37,32,45,41,39,56,31,41,48,38,36,43,50,57,64,84,102,77,112,119,114,122,136,139,120,125,116,90,90,91,79,84,100,98,110,120,138,111,97,100,108,102,102,111,119,140,134,109,136,111,129,133,107,164,159,159,163,167,144,161,138,144,113,115,88,88,103,87,108,71,50,64,70,70,61,60,41,33,33,23,13,9,13,4,5,8,4,2,1,0,1,0,1,0,0,8285,8285,15,15,26,20,31,32,34,34,48,51,49,36,42,38,50,31,48,41,55,57,64,79,106,98,133,139,147,141,150,112,112,104,110,78,78,72,72,79,84,85,114,93,112,113,98,78,80,105,131,118,126,131,111,122,132,132,146,128,139,155,170,213,194,195,157,155,188,154,131,167,141,82,99,111,110,84,69,82,81,72,69,54,42,54,49,50,33,16,22,19,17,12,8,11,7,3,0,1,0,1,2
부산광역시 연제구 연산제5동(2647069000),7871,7871,30,39,37,38,31,30,38,25,38,30,35,35,30,26,37,36,23,31,44,42,57,68,76,121,127,152,190,190,222,203,208,197,192,143,146,151,140,124,143,160,112,140,136,126,118,95,95,130,120,110,127,145,104,122,119,115,112,103,108,116,114,119,118,112,114,104,106,103,78,82,49,68,60,77,68,51,51,40,38,62,44,27,33,22,30,21,15,9,9,3,4,1,0,0,0,0,0,0,0,1,0,8698,8698,50,44,36,41,29,37,44,27,42,19,29,23,30,33,25,31,15,30,46,39,75,118,153,168,223,223,261,268,278,244,220,181,203,161,159,143,125,124,137,120,120,140,113,104,94,90,83,93,124,119,119,129,143,124,122,107,127,92,98,139,144,128,142,114,139,104,105,106,86,109,81,76,67,89,69,66,54,51,60,67,42,37,35,37,34,24,24,19,11,11,10,7,6,2,0,1,4,0,0,1,2
부산광역시 연제구 연산제6동(2647070000),7990,7990,40,53,40,48,44,62,51,56,40,48,44,50,48,49,45,42,54,59,59,49,78,86,80,81,96,92,123,104,116,117,103,111,119,113,101,118,104,98,99,141,146,128,124,121,117,100,101,119,134,124,105,119,118,132,112,131,117,115,107,153,162,141,131,130,130,142,131,146,125,117,103,105,82,99,75,80,63,59,70,74,67,54,49,36,25,33,35,10,8,5,5,6,5,1,0,2,0,0,0,0,0,8603,8603,46,47,39,54,50,68,52,49,40,55,43,43,35,41,42,52,47,56,61,42,51,62,60,70,92,75,81,108,92,120,128,98,120,101,97,86,84,107,113,124,113,103,114,103,107,84,92,103,123,103,138,137,127,140,131,135,134,145,110,150,160,212,186,174,179,160,193,144,129,156,131,110,129,130,132,87,69,89,95,103,112,97,70,45,42,41,37,44,24,26,22,16,12,7,4,4,4,1,2,0,2
부산광역시 연제구 연산제8동(2647072000),6822,6822,35,39,49,50,62,74,75,67,50,65,75,67,58,44,62,45,43,60,54,56,63,73,75,77,81,81,81,92,74,88,90,83,80,83,73,70,80,103,79,112,133,119,117,94,105,90,110,111,123,104,124,119,97,113,121,100,108,102,126,123,140,134,107,113,120,115,102,110,92,72,79,67,63,71,56,56,38,49,34,42,31,25,29,20,10,8,9,6,6,2,5,1,0,0,2,0,1,0,0,0,0,7188,7188,35,34,45,54,46,68,67,74,64,71,55,60,59,60,59,47,54,50,60,49,46,67,64,63,74,69,63,77,75,97,78,79,80,84,87,99,85,82,85,132,119,119,126,99,120,103,95,104,112,92,103,109,111,144,126,133,117,131,108,120,138,149,116,137,131,140,130,115,98,105,80,71,86,85,76,66,38,58,41,45,50,30,34,22,26,22,21,22,17,9,9,12,12,3,1,2,0,2,1,0,0
부산광역시 연제구 연산제9동(2647073000),16661,16661,72,87,71,99,115,139,145,136,126,134,144,145,140,140,134,142,147,130,166,154,196,222,191,228,231,241,224,218,211,231,207,208,215,198,205,194,229,182,238,227,283,287,245,221,224,238,224,242,261,275,249,293,274,302,251,271,268,258,245,293,336,322,326,300,284,265,265,261,227,243,162,161,175,167,148,138,78,81,87,114,81,89,66,53,36,24,31,23,17,11,6,5,3,6,3,1,0,0,0,0,0,18267,18267,74,89,101,104,107,129,121,130,132,142,147,142,116,142,138,133,119,144,162,157,143,204,193,171,194,199,206,193,232,214,197,184,179,188,203,187,218,205,236,246,265,270,262,263,285,233,227,286,284,318,313,331,340,408,392,322,313,302,310,372,375,391,388,348,319,342,323,280,267,256,188,171,197,192,174,143,103,114,113,119,105,101,103,69,68,68,61,49,46,45,30,24,25,15,14,10,4,3,2,0,5
부산광역시 수영구 (2650000000),82451,82451,344,363,423,447,475,535,606,562,553,631,609,574,552,552,574,567,522,655,671,670,718,891,912,952,1013,1257,1291,1437,1387,1454,1383,1222,1262,1160,1061,1043,1054,1053,1223,1222,1360,1324,1295,1148,1148,1106,1143,1200,1266,1298,1386,1397,1285,1350,1233,1161,1181,1148,1123,1253,1335,1447,1349,1319,1387,1263,1312,1238,1046,1168,943,819,893,946,919,821,549,651,575,662,543,471,442,365,285,247,187,138,100,82,88,42,55,27,15,15,6,1,3,4,8,92387,92387,397,368,407,464,461,540,541,534,455,583,552,509,464,542,598,518,490,609,591,632,754,904,1009,1126,1306,1375,1417,1482,1435,1498,1425,1204,1187,1173,1072,1069,1073,1049,1195,1245,1392,1318,1284,1128,1153,1105,1175,1320,1366,1404,1450,1557,1517,1432,1439,1311,1366,1397,1377,1586,1753,1880,1727,1661,1664,1667,1744,1428,1317,1380,1182,1113,1109,1135,1136,965,666,776,715,830,732,623,585,532,466,383,364,336,263,209,191,118,103,92,74,47,30,23,12,4,22
부산광역시 수영구 남천제1동(2650066000),6395,6395,24,12,30,23,27,39,50,43,36,39,55,51,53,57,46,54,51,72,70,87,66,77,78,94,85,79,85,106,94,101,109,77,100,67,66,76,73,67,95,69,106,89,83,74,84,87,84,105,95,116,125,120,114,122,125,104,119,115,90,108,98,109,107,89,107,91,103,98,58,86,54,49,68,68,54,69,32,42,42,52,38,44,39,34,21,15,14,16,8,10,9,4,3,7,1,3,2,0,1,1,1,7489,7489,36,21,20,38,32,39,46,47,46,43,45,43,43,61,65,54,49,66,69,62,84,83,81,87,108,95,93,96,104,95,109,65,84,71,81,84,83,79,87,87,100,97,101,84,92,102,102,123,110,140,143,157,142,132,126,120,119,127,115,136,150,132,146,112,141,137,113,89,98,89,102,74,86,88,90,84,63,59,55,60,59,53,49,50,59,29,30,30,22,17,19,11,12,11,10,5,3,1,0,2,0
부산광역시 수영구 남천제2동(2650067000),5670,5670,19,29,30,25,44,39,51,53,58,68,74,50,55,64,61,59,53,70,61,71,50,81,64,64,60,63,72,73,57,63,47,53,58,44,50,58,53,62,76,70,68,78,93,66,87,73,97,99,93,85,100,114,121,97,89,89,78,92,85,85,98,103,111,87,113,86,92,77,68,88,56,59,52,58,65,53,31,45,42,50,33,29,27,20,21,18,11,7,8,7,3,2,4,1,1,2,0,0,0,1,0,6415,6415,24,27,28,26,40,43,59,43,47,67,54,49,43,59,59,54,53,66,52,57,54,61,73,68,59,64,53,58,49,59,51,56,53,54,52,56,62,58,65,83,118,84,103,108,86,103,107,111,121,124,132,124,115,117,124,105,120,114,107,129,150,118,122,111,98,124,117,90,92,80,68,81,79,66,73,54,40,39,40,45,35,44,32,25,19,20,35,28,14,12,21,10,9,12,7,6,4,1,0,0,4
부산광역시 수영구 수영동(2650073000),6974,6974,28,25,26,27,26,29,27,26,32,32,39,30,29,26,36,24,34,33,43,48,60,62,62,62,79,104,83,89,108,114,102,91,93,82,84,76,94,60,85,96,110,120,102,103,88,75,84,99,117,103,111,115,93,124,116,122,99,107,89,100,133,137,137,123,140,120,136,128,111,122,121,97,93,111,113,103,77,56,77,76,70,49,59,56,33,33,28,14,7,10,8,2,8,1,1,0,1,0,0,0,0,7584,7584,29,20,30,28,23,31,32,23,20,25,30,33,30,30,24,21,31,33,46,38,59,41,56,66,95,84,99,117,111,99,101,67,89,89,80,67,74,69,79,85,89,83,81,73,69,82,74,93,104,98,85,122,119,110,101,117,126,106,114,143,154,187,151,181,177,166,194,167,149,149,124,131,111,130,129,108,68,102,79,107,89,78,88,63,54,35,47,40,36,20,17,19,16,6,6,4,4,1,3,0,1
부산광역시 수영구 망미제1동(2650074000),13057,13057,67,52,58,72,76,95,116,96,110,100,102,107,91,92,118,90,91,95,103,89,128,127,144,131,150,157,150,153,167,198,173,156,167,147,151,135,135,142,176,191,224,231,198,172,173,169,173,195,186,184,195,199,193,194,185,185,171,181,196,212,238,278,242,230,220,215,232,214,215,223,181,157,167,188,163,155,103,107,105,114,90,88,84,63,56,44,36,26,26,19,19,14,13,7,5,4,2,0,0,0,0,14308,14308,63,42,71,63,71,87,96,87,80,111,104,74,78,96,117,83,72,92,104,107,92,121,126,142,128,137,157,163,144,162,163,161,153,160,142,152,147,155,177,200,204,222,174,164,176,166,174,203,198,213,189,222,221,211,202,207,228,242,244,274,282,338,302,301,298,306,303,265,236,252,222,178,182,202,210,158,104,137,131,147,112,102,93,101,93,69,75,70,65,39,30,21,16,17,12,10,6,4,2,2,1
부산광역시 수영구 망미제2동(2650075000),5218,5218,27,19,35,37,25,45,27,33,31,44,37,43,33,42,40,49,36,35,55,35,38,69,56,46,62,62,69,65,65,59,58,75,58,65,65,68,78,63,79,76,92,88,94,71,71,71,79,84,82,78,89,92,98,86,83,74,85,63,74,91,93,84,90,98,88,102,98,79,74,69,59,50,62,46,58,54,34,59,44,47,32,39,20,23,17,18,8,7,5,4,5,0,1,1,0,0,0,0,0,0,1,5387,5387,16,35,32,33,24,27,27,35,25,32,37,29,33,33,40,29,31,41,32,36,52,46,41,43,45,55,43,57,57,63,53,60,56,52,65,52,56,55,62,76,73,82,78,72,71,70,71,66,82,72,112,96,101,83,85,99,80,79,86,95,119,131,106,115,118,104,102,102,80,94,78,86,82,82,73,84,47,56,34,40,46,27,29,31,23,26,17,17,12,12,16,8,5,8,3,3,0,1,0,0,1
부산광역시 수영구 광안제1동(2650076000),12002,12002,34,35,37,51,56,46,74,73,81,74,70,84,78,73,74,86,76,100,90,84,106,133,144,171,182,246,266,344,312,317,297,269,221,239,189,171,173,181,174,159,178,174,187,162,173,155,176,150,164,189,193,206,162,162,148,135,152,141,141,166,177,184,152,186,162,163,163,159,121,144,114,113,110,126,119,112,71,81,82,89,69,61,56,48,32,29,19,18,9,10,12,7,10,3,4,1,0,0,0,0,2,13785,13785,35,40,41,53,57,53,59,56,55,67,68,47,59,65,70,77,60,73,69,85,128,179,205,253,289,382,385,363,357,381,303,254,217,220,184,194,147,165,172,195,195,185,167,167,181,142,159,182,196,198,194,191,210,195,198,178,170,195,157,207,235,220,242,219,192,193,234,200,168,182,165,133,140,159,133,126,92,86,81,113,87,83,75,67,62,49,38,36,28,23,22,13,12,9,15,7,4,4,3,0,6
부산광역시 수영구 광안제2동(2650077000),8658,8658,27,39,44,35,50,60,66,59,46,76,63,59,66,62,57,50,55,64,73,62,80,84,85,105,111,161,176,167,175,172,191,155,157,163,118,120,102,108,140,138,140,156,154,119,128,122,119,137,143,139,160,132,120,111,131,116,136,111,116,127,129,133,124,119,131,118,113,116,86,110,84,70,93,89,79,68,53,74,54,54,57,46,44,38,33,24,19,16,9,8,9,7,5,1,1,2,0,0,1,0,3,10031,10031,40,34,35,42,40,65,57,64,55,79,56,73,59,64,55,54,61,64,56,66,74,112,128,142,184,176,182,191,186,194,187,172,140,128,124,118,125,100,157,146,174,160,166,121,125,112,147,160,138,146,149,173,145,156,151,113,132,142,136,146,167,178,161,153,158,154,159,129,128,133,101,116,104,109,128,105,75,97,88,94,78,67,58,61,42,42,21,37,27,22,18,9,6,12,4,1,2,4,0,0,6
부산광역시 수영구 광안제3동(2650078000),4533,4533,3,4,6,12,17,10,17,17,15,13,25,18,20,17,16,22,17,20,24,19,23,46,55,67,66,110,106,131,127,134,116,100,91,68,72,66,70,62,63,67,55,60,55,69,51,61,46,57,68,68,68,77,61,68,64,49,57,60,78,62,69,90,66,76,94,63,80,68,68,69,53,47,42,51,62,48,33,44,21,39,31,21,23,21,17,9,16,4,6,5,5,0,2,0,1,1,1,0,0,1,0,5100,5100,8,11,15,6,9,15,10,18,14,18,20,21,13,21,15,16,13,24,22,35,44,68,82,107,141,129,163,152,141,129,128,82,80,90,69,47,58,49,56,49,67,68,55,60,45,54,57,48,66,61,59,64,57,75,68,51,52,65,64,81,82,92,94,85,89,94,88,76,70,66,70,66,69,76,70,58,33,38,50,51,56,34,25,23,23,30,17,18,10,12,5,5,4,4,6,4,0,0,1,0,1
부산광역시 수영구 광안제4동(2650079000),6194,6194,38,40,54,28,43,56,50,55,50,62,45,42,45,35,42,48,32,60,53,54,43,67,68,62,64,71,93,97,105,105,101,89,100,94,87,88,91,91,108,105,104,101,96,92,99,92,82,97,91,102,111,112,94,118,95,82,85,68,79,84,87,92,78,98,91,81,101,94,73,74,63,53,66,66,71,52,32,47,47,44,36,40,42,24,22,19,15,13,10,2,8,2,3,2,1,0,0,0,0,0,0,7509,7509,44,52,40,47,52,50,54,46,29,41,34,49,43,48,49,50,36,58,48,47,48,64,69,70,88,110,89,115,107,115,118,95,103,99,95,105,114,111,115,110,124,124,108,119,99,108,102,117,125,124,138,122,117,120,111,112,107,102,113,128,129,162,123,113,107,118,129,111,107,114,88,70,93,71,73,62,53,53,64,57,73,51,54,57,35,38,33,19,21,15,9,5,5,6,5,2,2,4,0,0,1
부산광역시 수영구 민락동(2650080000),13750,13750,77,108,103,137,111,116,128,107,94,123,99,90,82,84,84,85,77,106,99,121,124,145,156,150,154,204,191,212,177,191,189,157,217,191,179,185,185,217,227,251,283,227,233,220,194,201,203,177,227,234,234,230,229,268,197,205,199,210,175,218,213,237,242,213,241,224,194,205,172,183,158,124,140,143,135,107,83,96,61,97,87,54,48,38,33,38,21,17,12,7,10,4,6,4,0,2,0,1,1,1,1,14779,14779,102,86,95,128,113,130,101,115,84,100,104,91,63,65,104,80,84,92,93,99,119,129,148,148,169,143,153,170,179,201,212,192,212,210,180,194,207,208,225,214,248,213,251,160,209,166,182,217,226,228,249,286,290,233,273,209,232,225,241,247,285,322,280,271,286,271,305,199,189,221,164,178,163,152,157,126,91,109,93,116,97,84,82,54,56,45,51,41,28,37,34,17,18,7,6,5,5,3,3,0,1
부산광역시 사상구 (2653000000),104446,104446,384,381,434,523,583,601,664,640,667,757,724,713,655,690,767,712,659,751,849,902,1039,1216,1359,1346,1482,1530,1610,1678,1664,1629,1559,1417,1342,1218,1210,1197,1163,1129,1236,1483,1547,1567,1517,1395,1329,1327,1417,1496,1668,1596,1687,1749,1796,2003,1858,1965,2006,2005,1839,2265,2433,2431,2352,2065,2009,1821,1732,1696,1327,1322,1164,1059,1021,1016,941,786,510,618,516,625,535,382,343,259,233,164,128,103,65,80,30,23,22,14,9,4,5,3,1,0,4,102692,102692,334,368,431,431,534,574,667,606,641,748,717,670,612,671,713,618,622,721,758,796,953,1167,1226,1257,1358,1307,1314,1441,1359,1384,1313,1118,1164,997,964,954,1015,1020,1119,1315,1388,1342,1378,1153,1194,1189,1296,1360,1511,1596,1602,1787,1879,2063,2015,1855,2046,2026,1857,2148,2438,2544,2249,2077,1975,1794,1929,1700,1353,1481,1273,1141,1183,1133,1084,899,658,762,740,774,689,604,542,499,481,371,355,299,229,191,140,99,90,77,51,43,25,12,13,15,18
부산광역시 사상구 삼락동(2653058000),3082,3082,7,10,10,12,18,11,10,16,13,14,9,13,8,15,8,18,10,19,20,20,21,39,30,26,40,29,31,46,29,51,46,28,34,25,27,27,35,24,29,33,41,38,37,17,33,31,39,35,46,53,53,58,68,81,65,72,83,78,66,81,91,90,96,79,73,59,62,47,50,50,40,31,30,43,46,25,17,34,12,25,23,16,11,10,13,7,5,5,1,3,0,1,0,0,0,0,0,1,0,0,0,2683,2683,10,7,6,13,8,7,8,10,13,19,9,9,13,12,14,12,15,15,17,18,15,23,16,23,34,22,28,34,27,28,25,29,27,21,23,14,39,20,19,32,20,25,24,23,30,20,27,32,43,40,32,42,50,47,60,51,65,53,40,61,68,77,77,54,50,64,66,49,52,52,43,38,43,50,36,45,31,28,25,27,30,27,22,24,19,12,13,7,4,6,9,5,0,3,2,3,1,0,1,0,1
부산광역시 사상구 모라제1동(2653059100),13920,13920,68,47,57,67,69,75,85,96,71,94,78,98,102,94,111,98,91,102,123,107,108,134,177,160,183,190,215,234,210,201,204,214,171,173,172,150,155,153,154,209,198,182,185,189,166,172,181,197,207,208,211,223,228,276,243,268,245,260,253,313,345,343,296,277,277,268,264,235,175,200,178,155,152,160,129,100,69,81,67,100,76,54,54,40,35,19,18,12,3,13,5,5,7,2,1,0,0,0,0,0,0,13985,13985,46,49,60,66,78,70,79,89,84,100,91,98,77,89,87,87,75,99,81,99,154,122,138,137,159,170,176,187,185,190,192,176,173,147,127,130,120,129,149,176,168,182,200,143,158,150,170,174,201,224,198,213,249,261,289,266,291,292,250,326,384,399,321,287,290,240,291,271,189,217,177,141,169,167,135,123,95,109,106,94,89,79,70,69,55,52,41,48,28,23,19,12,16,8,7,4,4,3,0,4,3
부산광역시 사상구 모라제3동(2653059300),4920,4920,5,4,8,9,9,22,11,14,11,27,17,15,15,14,26,23,20,19,22,30,41,57,48,32,40,42,43,42,49,57,50,47,35,40,29,25,47,22,45,54,57,77,62,69,63,63,71,77,85,78,87,89,87,101,112,107,105,101,103,143,155,127,135,142,117,118,114,105,84,88,65,68,74,75,88,65,31,60,37,43,45,41,25,27,22,21,13,10,7,7,0,4,2,0,1,1,0,0,0,0,0,5386,5386,9,10,11,3,17,11,15,16,13,7,14,19,14,16,13,20,23,27,23,24,24,27,33,37,31,34,28,27,29,33,27,24,28,35,25,27,35,27,24,48,39,36,45,35,51,41,46,53,66,57,61,74,80,105,101,75,98,104,106,118,129,130,131,137,123,126,149,135,130,145,140,125,133,114,142,110,78,76,75,98,99,71,80,67,73,55,60,34,30,27,19,8,8,12,4,4,4,1,2,0,3
부산광역시 사상구 덕포제1동(2653060000),4415,4415,8,15,13,22,26,23,27,33,26,33,33,20,25,31,37,29,27,36,42,47,36,48,66,44,55,64,77,68,60,75,41,55,47,43,49,48,57,57,39,53,71,59,68,58,47,54,61,71,74,53,76,81,73,100,92,93,104,103,76,98,115,117,87,88,80,67,59,65,51,55,42,51,30,55,38,46,20,33,30,23,23,24,12,16,14,7,5,2,4,5,0,1,2,0,0,1,0,0,0,0,0,4223,4223,13,11,17,14,24,27,36,30,19,39,22,32,28,25,32,25,36,25,28,25,55,44,43,30,47,42,43,36,38,45,35,37,41,36,35,36,43,42,51,52,64,54,56,51,42,47,54,52,65,72,71,84,71,84,76,73,81,97,87,88,101,114,92,81,72,79,86,70,63,66,58,51,59,48,53,39,37,45,38,40,32,24,23,27,24,16,21,14,13,6,7,3,1,5,1,2,0,0,3,1,0
부산광역시 사상구 덕포제2동(2653061000),6523,6523,25,18,26,26,33,38,46,35,50,46,58,41,43,40,55,53,36,45,46,60,77,64,64,74,73,107,99,95,102,92,104,69,78,72,81,63,58,64,67,94,103,98,93,79,83,77,95,81,104,113,83,107,101,106,102,131,135,118,126,148,169,167,161,128,130,134,117,116,87,96,95,82,88,75,48,42,42,35,25,39,31,20,24,11,13,10,6,13,2,7,4,1,0,3,1,0,0,0,0,0,1,6356,6356,15,16,30,24,36,42,52,33,36,41,49,53,35,42,42,39,42,39,41,55,53,72,65,63,69,84,72,98,84,71,80,67,77,57,66,57,55,66,64,77,90,84,82,68,62,66,80,64,96,95,97,95,142,127,127,135,134,142,121,155,168,182,131,129,146,128,128,118,92,79,87,68,63,71,59,46,44,36,50,47,28,33,19,36,30,21,17,12,13,15,8,7,6,5,3,5,1,2,0,1,1
부산광역시 사상구 괘법동(2653062000),11659,11659,44,48,44,55,68,54,62,54,38,50,52,51,43,43,61,48,44,54,58,80,92,139,155,165,230,236,243,290,271,284,258,254,203,172,179,181,152,147,146,177,180,182,160,136,137,118,126,147,176,155,178,169,187,206,213,210,231,243,204,259,252,276,252,226,216,194,165,171,150,114,116,112,101,88,92,90,42,58,55,48,42,32,28,27,16,11,14,8,10,5,3,1,0,0,1,0,0,0,0,0,1,10848,10848,43,36,36,60,40,48,50,45,53,59,47,43,37,40,43,43,37,53,54,74,111,175,169,219,251,259,274,298,299,235,216,160,171,143,123,105,153,125,133,128,153,116,139,121,102,113,90,128,125,137,145,180,178,217,179,220,201,192,170,209,245,254,219,210,176,165,179,154,135,133,99,105,110,88,104,84,37,61,55,78,64,43,32,27,36,28,23,25,12,17,11,9,7,6,2,2,2,3,0,1,4
부산광역시 사상구 감전동(2653064500),7001,7001,23,16,20,27,19,35,21,31,31,29,32,32,26,32,22,29,37,35,45,52,59,61,59,68,80,90,94,109,101,88,106,110,96,91,71,98,73,75,82,82,101,109,109,86,72,85,93,88,120,91,128,125,120,145,139,148,161,155,133,184,190,175,198,150,148,155,135,125,85,108,99,91,82,63,64,63,55,43,45,49,50,27,23,23,30,20,7,8,1,3,1,0,4,0,0,0,0,0,1,0,1,6234,6234,17,16,15,19,20,21,33,23,23,34,38,28,23,39,21,28,23,35,40,36,43,47,51,66,83,68,68,88,81,77,99,64,74,62,59,56,48,61,45,69,80,74,68,61,54,63,80,56,76,89,90,109,104,122,122,104,135,135,144,148,147,169,151,120,152,123,152,133,92,118,107,96,78,86,81,72,46,58,71,82,53,38,52,27,24,27,31,15,18,10,9,7,12,3,2,4,3,2,1,6,1
부산광역시 사상구 주례제1동(2653065000),7670,7670,28,37,37,49,52,53,54,45,46,52,60,44,48,50,62,59,49,69,52,65,87,71,95,98,128,101,129,109,125,121,109,96,107,97,89,84,84,84,89,87,107,106,113,89,99,107,89,86,100,105,112,120,118,159,148,139,147,156,136,189,190,175,180,157,162,145,129,117,120,96,101,62,70,56,63,63,46,51,33,55,38,25,29,13,16,17,9,10,5,6,1,0,1,1,2,0,0,0,0,0,0,7380,7380,37,33,45,44,32,39,47,43,45,66,57,44,46,55,50,41,49,49,66,54,54,85,80,96,78,99,94,100,98,101,85,70,83,76,76,81,62,81,85,90,99,96,98,76,74,97,87,85,114,112,130,126,158,186,162,142,165,156,142,173,170,186,170,142,149,133,132,130,72,109,68,67,84,82,77,51,38,49,45,35,37,36,30,28,25,23,22,21,17,15,11,10,5,3,7,2,2,1,1,1,0
부산광역시 사상구 주례제2동(2653066000),11471,11471,48,50,52,54,69,82,70,59,86,87,74,98,105,86,87,89,78,86,94,106,115,177,214,203,222,204,225,223,206,211,200,170,177,137,146,138,140,143,160,177,166,180,177,179,165,166,160,172,190,187,183,183,194,166,164,174,183,174,174,194,217,218,209,202,193,148,164,165,110,112,101,86,97,103,98,68,50,61,62,64,64,49,36,25,26,12,17,8,7,8,4,2,1,1,0,1,1,1,0,0,1,11451,11451,33,43,51,43,64,70,72,82,88,96,85,94,67,71,96,80,70,91,105,136,150,221,247,208,217,148,168,177,159,183,179,150,144,124,118,118,113,126,129,159,148,175,170,138,165,141,166,144,172,180,161,206,200,195,196,171,189,193,200,195,274,232,187,191,185,163,170,151,118,127,125,104,112,113,92,82,67,71,65,73,65,65,58,57,45,28,24,27,25,16,14,12,8,9,6,4,3,0,1,0,2
부산광역시 사상구 주례제3동(2653066100),6393,6393,17,16,23,45,29,34,45,43,44,51,41,49,36,42,67,44,58,58,61,67,72,80,86,94,84,95,91,94,116,95,83,79,93,78,73,64,68,78,76,97,69,87,97,78,82,71,76,107,108,91,110,93,119,106,91,107,123,98,114,113,123,146,148,137,127,108,106,120,88,86,59,72,64,58,57,65,34,39,31,37,35,27,25,22,17,8,8,8,14,11,0,3,1,3,0,0,0,0,0,0,0,6670,6670,11,21,26,19,35,31,42,41,36,44,51,46,49,51,48,51,38,57,65,57,52,65,78,97,65,104,76,81,87,95,75,66,73,60,57,63,58,53,63,84,87,82,69,82,77,80,84,101,91,115,87,130,133,150,130,120,138,125,125,117,163,158,183,150,119,113,121,119,82,99,86,90,69,68,66,46,40,53,56,41,42,46,39,32,33,27,25,28,25,16,12,2,13,8,1,4,0,0,1,0,0
부산광역시 사상구 학장동(2653067000),14020,14020,60,61,63,70,84,86,96,96,112,124,127,123,99,113,121,106,105,104,132,126,164,144,186,177,171,185,175,188,201,177,175,160,140,151,152,146,138,151,195,226,261,229,215,203,174,199,211,236,196,247,245,238,279,281,233,259,240,258,226,246,281,308,311,268,295,241,237,260,194,184,168,125,140,141,119,96,52,71,70,82,70,37,44,27,19,23,15,13,6,10,11,4,4,3,2,1,1,1,0,0,0,14077,14077,52,61,66,63,90,93,106,77,94,118,101,94,81,99,107,87,100,117,112,109,127,152,152,126,166,131,141,158,128,146,149,125,140,110,129,135,137,150,175,206,221,206,207,155,191,187,208,217,219,232,264,260,257,275,263,245,275,268,246,334,313,358,339,322,286,267,266,215,179,194,154,149,170,146,145,130,94,102,85,101,82,91,71,63,81,55,43,32,24,20,11,13,5,9,11,5,1,0,2,0,3
부산광역시 사상구 엄궁동(2653068000),13372,13372,51,59,81,87,107,88,137,118,139,150,143,129,105,130,110,116,104,124,154,142,167,202,179,205,176,187,188,180,194,177,183,135,161,139,142,173,156,131,154,194,193,220,201,212,208,184,215,199,262,215,221,263,222,276,256,257,249,261,228,297,305,289,279,211,191,184,180,170,133,133,100,124,93,99,99,63,52,52,49,60,38,30,32,18,12,9,11,6,5,2,1,1,0,1,1,0,3,0,0,0,0,13399,13399,48,65,68,63,90,115,127,117,137,125,153,110,142,132,160,105,114,114,126,109,115,134,154,155,158,146,146,157,144,180,151,150,133,126,126,132,152,140,182,194,219,212,220,200,188,184,204,254,243,243,266,268,257,294,310,253,274,269,226,224,276,285,248,254,227,193,189,155,149,142,129,107,93,100,94,71,51,74,69,58,68,51,46,42,36,27,35,36,20,20,10,11,9,6,5,4,4,0,1,1,0
부산광역시 기장군 (2671000000),87487,87487,555,646,710,768,897,1033,1100,1153,1118,1203,1122,1068,995,930,1032,833,821,854,871,836,858,908,809,847,889,881,894,932,940,991,1012,975,1023,1022,973,1087,1186,1242,1499,1694,1832,1869,1957,1648,1627,1556,1561,1619,1593,1583,1615,1576,1390,1308,1256,1242,1119,1123,1047,1208,1144,1277,1195,1070,1091,995,1080,960,814,827,774,710,678,710,687,570,419,499,426,476,361,316,302,234,197,171,136,106,84,64,65,33,26,19,12,10,4,2,1,2,4,89234,89234,537,589,681,791,872,1022,1076,1068,1066,1142,1049,1097,859,901,916,798,774,753,792,750,716,816,784,729,776,751,801,796,823,863,938,941,923,1069,1099,1148,1187,1285,1553,1721,1833,1919,1799,1605,1583,1462,1492,1570,1536,1456,1411,1388,1280,1347,1195,1129,1117,1097,1070,1204,1257,1392,1357,1280,1286,1204,1239,1071,1041,1009,840,774,824,792,783,719,495,610,550,634,530,473,539,442,359,331,316,256,222,198,160,113,87,68,62,46,45,22,21,15,27
부산광역시 기장군 기장읍(2671025000),25776,25776,113,116,128,131,175,175,146,172,184,200,209,215,199,187,220,224,205,242,247,276,272,309,273,303,363,355,342,367,350,338,373,333,289,281,260,241,262,288,320,339,369,389,422,393,331,353,369,434,466,430,514,511,471,464,459,484,448,457,419,452,450,493,497,411,412,375,392,364,309,314,277,257,229,261,249,218,137,199,161,191,157,124,135,104,80,78,63,43,31,32,32,11,15,6,4,3,2,1,0,1,1,27073,27073,95,106,109,116,154,152,169,149,166,175,182,203,179,207,218,179,193,207,227,249,242,281,264,292,291,289,322,322,302,297,275,267,226,254,232,242,241,272,307,315,344,391,382,328,402,356,373,438,462,486,496,521,488,524,450,428,453,461,398,513,492,539,531,458,507,469,452,406,371,385,318,294,317,345,346,307,203,283,234,286,244,214,234,189,169,133,145,111,94,67,63,37,42,24,28,21,19,8,7,9,10
부산광역시 기장군 장안읍(2671025300),4608,4608,23,22,27,24,23,14,14,24,29,19,25,18,15,16,19,24,21,20,31,33,43,43,51,50,46,64,56,85,82,82,57,59,63,73,47,65,60,49,66,63,69,56,68,77,47,43,47,47,48,60,75,84,93,77,91,84,85,108,76,93,86,102,97,94,93,96,86,75,65,66,55,54,57,57,62,42,41,40,36,41,33,26,19,21,19,14,10,9,13,5,4,6,2,3,2,2,1,0,0,0,1,3939,3939,25,27,13,20,12,27,21,22,16,23,19,19,12,21,21,10,16,9,22,27,18,40,44,35,49,43,41,38,35,38,38,46,43,45,35,47,36,42,49,35,43,33,39,28,35,35,38,47,45,48,48,54,59,77,72,74,58,66,71,64,77,95,81,91,94,68,88,83,72,76,48,39,67,50,49,39,32,48,47,42,39,45,48,55,36,34,36,28,16,26,20,16,5,6,7,5,5,2,5,2,4
부산광역시 기장군 정관읍(2671025600),40374,40374,263,359,384,449,528,651,740,745,717,811,731,678,659,617,690,490,493,481,484,417,383,364,318,313,300,301,325,326,319,371,406,394,460,440,458,550,622,636,790,925,1032,1096,1141,946,1000,923,900,885,837,847,752,716,559,496,458,428,354,338,312,355,332,364,327,328,308,284,327,291,254,254,272,233,245,221,225,178,138,152,127,154,97,108,87,57,46,49,35,39,21,17,17,8,4,4,4,1,1,0,1,1,0,41274,41274,277,320,379,461,512,632,669,697,699,767,691,718,536,548,584,507,465,444,435,373,353,363,346,289,305,283,297,310,341,352,419,414,441,554,557,590,662,696,896,1041,1117,1186,1069,980,922,879,866,871,802,670,629,545,506,469,405,374,348,325,342,356,404,443,438,443,399,399,461,355,380,347,296,271,254,244,238,244,171,177,157,163,146,105,147,110,88,96,63,59,54,58,45,33,19,18,18,15,14,7,5,1,5
부산광역시 기장군 일광면(2671031000),12730,12730,146,139,162,155,159,174,172,188,169,149,137,128,97,89,87,70,83,89,85,88,133,149,138,144,142,113,110,116,139,154,146,155,184,192,178,205,215,238,279,334,322,278,262,200,203,179,190,188,171,187,215,194,209,188,182,176,167,164,162,227,187,216,194,159,183,154,174,139,115,114,95,91,76,102,85,80,59,61,55,57,42,31,27,28,28,18,16,10,11,6,5,4,3,4,1,3,0,1,0,0,2,13053,13053,136,124,170,177,180,189,192,178,159,148,128,123,112,101,69,80,82,82,90,84,90,116,103,91,108,108,108,92,115,150,188,186,189,195,251,223,229,237,268,285,284,271,258,236,189,153,180,165,181,188,192,210,181,198,204,180,192,183,182,193,202,211,210,180,182,174,145,148,132,110,111,100,113,94,93,87,45,66,64,90,59,61,57,50,34,39,43,39,40,29,20,16,13,11,6,5,6,4,1,2,5
부산광역시 기장군 철마면(2671033000),3999,3999,10,10,9,9,12,19,28,24,19,24,20,29,25,21,16,25,19,22,24,22,27,43,29,37,38,48,61,38,50,46,30,34,27,36,30,26,27,31,44,33,40,50,64,32,46,58,55,65,71,59,59,71,58,83,66,70,65,56,78,81,89,102,80,78,95,86,101,91,71,79,75,75,71,69,66,52,44,47,47,33,32,27,34,24,24,12,12,5,8,4,7,4,2,2,1,1,0,0,0,0,0,3895,3895,4,12,10,17,14,22,25,22,26,29,29,34,20,24,24,22,18,11,18,17,13,16,27,22,23,28,33,34,30,26,18,28,24,21,24,46,19,38,33,45,45,38,51,33,35,39,35,49,46,64,46,58,46,79,64,73,66,62,77,78,82,104,97,108,104,94,93,79,86,91,67,70,73,59,57,42,44,36,48,53,42,48,53,38,32,29,29,19,18,18,12,11,8,9,3,0,1,1,3,1,3
